PatchID,XCOORD,YCOORD,ID,MID,FID,sex,age,size,mature,newmature,layeggs,capture,recapture,infection,CDist,Hindex,Species,ClassFile,SubPatchID,L0A0,L0A1,L1A0,L1A1
1,2540470.832,712452.2021,E1_F1_m1f1_P1_Y1_UO130,S1_F1_m-1f-1_P1_Y-1_U19,S1_F1_m-1f-1_P1_Y-1_U165,FXX,1,120.57057913205348,1,1,1.0,0,0,0,-9999.0,0.5,1,P0_CV0,1,2,0,0,2
1,2540470.832,712452.2021,E1_F1_m1f1_P1_Y1_UO25,S1_F1_m-1f-1_P1_Y-1_U49,S1_F1_m-1f-1_P1_Y-1_U76,FXX,1,120.57057913205348,1,1,1.0,0,0,0,-9999.0,0.0,1,P0_CV0,1,0,2,1,1
1,2540470.832,712452.2021,E1_F1_m1f1_P1_Y1_UO160,S1_F1_m-1f-1_P1_Y-1_U103,S1_F1_m-1f-1_P1_Y-1_U39,MXY,1,120.57057913205348,1,1,0.0,0,0,0,-9999.0,0.75,1,P0_CV0,1,2,0,0,2
1,2540470.832,712452.2021,E1_F1_m1f1_P1_Y1_UO23,S1_F1_m-1f-1_P1_Y-1_U49,S1_F1_m-1f-1_P1_Y-1_U76,FXX,1,120.57057913205348,1,1,1.0,0,0,0,-9999.0,0.0,1,P0_CV0,1,0,2,2,0
1,2540470.832,712452.2021,E1_F1_m1f1_P1_Y1_UO81,S1_F1_m-1f-1_P1_Y-1_U6,S1_F1_m-1f-1_P1_Y-1_U79,FXX,1,120.57057913205348,1,1,1.0,0,0,0,-9999.0,0.5,1,P0_CV0,1,1,1,1,1
1,2540470.832,712452.2021,E1_F1_m1f1_P1_Y1_UO48,S1_F1_m-1f-1_P1_Y-1_U132,S1_F1_m-1f-1_P1_Y-1_U13,MXY,1,120.57057913205348,1,1,0.0,0,0,0,-9999.0,0.25,1,P0_CV0,1,1,1,1,1
1,2540470.832,712452.2021,E1_F1_m1f1_P1_Y1_UO110,S1_F1_m-1f-1_P1_Y-1_U160,S1_F1_m-1f-1_P1_Y-1_U39,MXY,1,120.57057913205348,1,1,0.0,0,0,0,-9999.0,0.5,1,P0_CV0,1,1,1,0,2
1,2540470.832,712452.2021,E1_F1_m1f1_P1_Y1_UO97,S1_F1_m-1f-1_P1_Y-1_U62,S1_F1_m-1f-1_P1_Y-1_U13,MXY,1,120.57057913205348,1,1,0.0,0,0,0,-9999.0,0.25,1,P0_CV0,1,0,2,2,0
1,2540470.832,712452.2021,E1_F1_m1f1_P1_Y1_UO124,S1_F1_m-1f-1_P1_Y-1_U19,S1_F1_m-1f-1_P1_Y-1_U165,MXY,1,120.57057913205348,1,1,0.0,0,0,0,-9999.0,0.5,1,P0_CV0,1,1,1,0,2
1,2540470.832,712452.2021,E1_F1_m1f1_P1_Y1_UO152,S1_F1_m-1f-1_P1_Y-1_U10,S1_F1_m-1f-1_P1_Y-1_U13,FXX,1,120.57057913205348,1,1,1.0,0,0,0,-9999.0,0.25,1,P0_CV0,1,1,1,1,1
1,2540470.832,712452.2021,E1_F1_m1f1_P1_Y1_UO108,S1_F1_m-1f-1_P1_Y-1_U195,S1_F1_m-1f-1_P1_Y-1_U54,MXY,1,120.57057913205348,1,1,0.0,0,0,0,-9999.0,0.5,1,P0_CV0,1,1,1,0,2
1,2540470.832,712452.2021,E1_F1_m1f1_P1_Y1_UO146,S1_F1_m-1f-1_P1_Y-1_U10,S1_F1_m-1f-1_P1_Y-1_U13,FXX,1,120.57057913205348,1,1,1.0,0,0,0,-9999.0,0.25,1,P0_CV0,1,0,2,2,0
1,2540470.832,712452.2021,E1_F1_m1f1_P1_Y1_UO84,S1_F1_m-1f-1_P1_Y-1_U78,S1_F1_m-1f-1_P1_Y-1_U182,FXX,1,120.57057913205348,1,1,1.0,0,0,0,-9999.0,0.5,1,P0_CV0,1,1,1,1,1
1,2540470.832,712452.2021,E1_F1_m1f1_P1_Y1_UO176,S1_F1_m-1f-1_P1_Y-1_U86,S1_F1_m-1f-1_P1_Y-1_U75,MXY,1,120.57057913205348,1,1,0.0,0,0,0,-9999.0,1.0,1,P0_CV0,1,2,0,1,1
1,2540470.832,712452.2021,E1_F1_m1f1_P1_Y1_UO33,S1_F1_m-1f-1_P1_Y-1_U51,S1_F1_m-1f-1_P1_Y-1_U112,FXX,1,120.57057913205348,1,1,1.0,0,0,0,-9999.0,0.25,1,P0_CV0,1,0,2,2,0
1,2540470.832,712452.2021,E1_F1_m1f1_P1_Y1_UO64,S1_F1_m-1f-1_P1_Y-1_U32,S1_F1_m-1f-1_P1_Y-1_U185,FXX,1,120.57057913205348,1,1,1.0,0,0,0,-9999.0,0.0,1,P0_CV0,1,0,2,1,1
1,2540470.832,712452.2021,E1_F1_m1f1_P1_Y1_UO56,S1_F1_m-1f-1_P1_Y-1_U22,S1_F1_m-1f-1_P1_Y-1_U70,FXX,1,120.57057913205348,1,1,1.0,0,0,0,-9999.0,0.75,1,P0_CV0,1,1,1,2,0
1,2540470.832,712452.2021,E1_F1_m1f1_P1_Y1_UO147,S1_F1_m-1f-1_P1_Y-1_U10,S1_F1_m-1f-1_P1_Y-1_U13,FXX,1,120.57057913205348,1,1,1.0,0,0,0,-9999.0,0.25,1,P0_CV0,1,0,2,1,1
1,2540470.832,712452.2021,E1_F1_m1f1_P1_Y1_UO24,S1_F1_m-1f-1_P1_Y-1_U49,S1_F1_m-1f-1_P1_Y-1_U76,FXX,1,120.57057913205348,1,1,1.0,0,0,0,-9999.0,0.0,1,P0_CV0,1,0,2,1,1
1,2540470.832,712452.2021,E1_F1_m1f1_P1_Y1_UO134,S1_F1_m-1f-1_P1_Y-1_U121,S1_F1_m-1f-1_P1_Y-1_U13,FXX,1,120.57057913205348,1,1,1.0,0,0,0,-9999.0,0.25,1,P0_CV0,1,0,2,1,1
1,2540470.832,712452.2021,E1_F1_m1f1_P1_Y1_UO180,S1_F1_m-1f-1_P1_Y-1_U86,S1_F1_m-1f-1_P1_Y-1_U75,FXX,1,120.57057913205348,1,1,1.0,0,0,0,-9999.0,1.0,1,P0_CV0,1,2,0,1,1
1,2540470.832,712452.2021,E1_F1_m1f1_P1_Y1_UO125,S1_F1_m-1f-1_P1_Y-1_U19,S1_F1_m-1f-1_P1_Y-1_U165,MXY,1,120.57057913205348,1,1,0.0,0,0,0,-9999.0,0.5,1,P0_CV0,1,1,1,1,1
1,2540470.832,712452.2021,E1_F1_m1f1_P1_Y1_UO73,S1_F1_m-1f-1_P1_Y-1_U32,S1_F1_m-1f-1_P1_Y-1_U185,MXY,1,120.57057913205348,1,1,0.0,0,0,0,-9999.0,0.0,1,P0_CV0,1,0,2,1,1
1,2540470.832,712452.2021,E1_F1_m1f1_P1_Y1_UO30,S1_F1_m-1f-1_P1_Y-1_U51,S1_F1_m-1f-1_P1_Y-1_U112,FXX,1,120.57057913205348,1,1,1.0,0,0,0,-9999.0,0.25,1,P0_CV0,1,1,1,1,1
1,2540470.832,712452.2021,E1_F1_m1f1_P1_Y1_UO99,S1_F1_m-1f-1_P1_Y-1_U62,S1_F1_m-1f-1_P1_Y-1_U13,FXX,1,120.57057913205348,1,1,1.0,0,0,0,-9999.0,0.25,1,P0_CV0,1,1,1,2,0
1,2540470.832,712452.2021,E1_F1_m1f1_P1_Y1_UO38,S1_F1_m-1f-1_P1_Y-1_U129,S1_F1_m-1f-1_P1_Y-1_U175,FXX,1,120.57057913205348,1,1,1.0,0,0,0,-9999.0,1.0,1,P0_CV0,1,2,0,2,0
1,2540470.832,712452.2021,E1_F1_m1f1_P1_Y1_UO71,S1_F1_m-1f-1_P1_Y-1_U32,S1_F1_m-1f-1_P1_Y-1_U185,MXY,1,120.57057913205348,1,1,0.0,0,0,0,-9999.0,0.0,1,P0_CV0,1,0,2,2,0
1,2540470.832,712452.2021,E1_F1_m1f1_P1_Y1_UO60,S1_F1_m-1f-1_P1_Y-1_U22,S1_F1_m-1f-1_P1_Y-1_U70,MXY,1,120.57057913205348,1,1,0.0,0,0,0,-9999.0,0.75,1,P0_CV0,1,2,0,2,0
1,2540470.832,712452.2021,E1_F1_m1f1_P1_Y1_UO39,S1_F1_m-1f-1_P1_Y-1_U129,S1_F1_m-1f-1_P1_Y-1_U175,MXY,1,120.57057913205348,1,1,0.0,0,0,0,-9999.0,1.0,1,P0_CV0,1,2,0,2,0
1,2540470.832,712452.2021,E1_F1_m1f1_P1_Y1_UO26,S1_F1_m-1f-1_P1_Y-1_U49,S1_F1_m-1f-1_P1_Y-1_U76,FXX,1,120.57057913205348,1,1,1.0,0,0,0,-9999.0,0.0,1,P0_CV0,1,0,2,1,1
1,2540470.832,712452.2021,E1_F1_m1f1_P1_Y1_UO19,S1_F1_m-1f-1_P1_Y-1_U49,S1_F1_m-1f-1_P1_Y-1_U76,MXY,1,120.57057913205348,1,1,0.0,0,0,0,-9999.0,0.0,1,P0_CV0,1,0,2,1,1
1,2540470.832,712452.2021,E1_F1_m1f1_P1_Y1_UO129,S1_F1_m-1f-1_P1_Y-1_U19,S1_F1_m-1f-1_P1_Y-1_U165,MXY,1,120.57057913205348,1,1,0.0,0,0,0,-9999.0,0.5,1,P0_CV0,1,1,1,1,1
1,2540470.832,712452.2021,E1_F1_m1f1_P1_Y1_UO140,S1_F1_m-1f-1_P1_Y-1_U10,S1_F1_m-1f-1_P1_Y-1_U13,MXY,1,120.57057913205348,1,1,0.0,0,0,0,-9999.0,0.25,1,P0_CV0,1,1,1,1,1
1,2540470.832,712452.2021,E1_F1_m1f1_P1_Y1_UO90,S1_F1_m-1f-1_P1_Y-1_U78,S1_F1_m-1f-1_P1_Y-1_U182,FXX,1,120.57057913205348,1,1,1.0,0,0,0,-9999.0,0.5,1,P0_CV0,1,1,1,0,2
1,2540470.832,712452.2021,E1_F1_m1f1_P1_Y1_UO35,S1_F1_m-1f-1_P1_Y-1_U51,S1_F1_m-1f-1_P1_Y-1_U112,FXX,1,120.57057913205348,1,1,1.0,0,0,0,-9999.0,0.25,1,P0_CV0,1,0,2,2,0
1,2540470.832,712452.2021,E1_F1_m1f1_P1_Y1_UO127,S1_F1_m-1f-1_P1_Y-1_U19,S1_F1_m-1f-1_P1_Y-1_U165,MXY,1,120.57057913205348,1,1,0.0,0,0,0,-9999.0,0.5,1,P0_CV0,1,0,2,1,1
1,2540470.832,712452.2021,E1_F1_m1f1_P1_Y1_UO178,S1_F1_m-1f-1_P1_Y-1_U86,S1_F1_m-1f-1_P1_Y-1_U75,FXX,1,120.57057913205348,1,1,1.0,0,0,0,-9999.0,1.0,1,P0_CV0,1,2,0,1,1
1,2540470.832,712452.2021,E1_F1_m1f1_P1_Y1_UO20,S1_F1_m-1f-1_P1_Y-1_U49,S1_F1_m-1f-1_P1_Y-1_U76,MXY,1,120.57057913205348,1,1,0.0,0,0,0,-9999.0,0.0,1,P0_CV0,1,0,2,2,0
1,2540470.832,712452.2021,E1_F1_m1f1_P1_Y1_UO85,S1_F1_m-1f-1_P1_Y-1_U78,S1_F1_m-1f-1_P1_Y-1_U182,FXX,1,120.57057913205348,1,1,1.0,0,0,0,-9999.0,0.5,1,P0_CV0,1,1,1,0,2
1,2540470.832,712452.2021,E1_F1_m1f1_P1_Y1_UO131,S1_F1_m-1f-1_P1_Y-1_U19,S1_F1_m-1f-1_P1_Y-1_U165,MXY,1,120.57057913205348,1,1,0.0,0,0,0,-9999.0,0.5,1,P0_CV0,1,1,1,1,1
1,2540470.832,712452.2021,E1_F1_m1f1_P1_Y1_UO16,S1_F1_m-1f-1_P1_Y-1_U40,S1_F1_m-1f-1_P1_Y-1_U53,MXY,1,120.57057913205348,1,1,0.0,0,0,0,-9999.0,0.5,1,P0_CV0,1,2,0,2,0
1,2540470.832,712452.2021,E1_F1_m1f1_P1_Y1_UO151,S1_F1_m-1f-1_P1_Y-1_U10,S1_F1_m-1f-1_P1_Y-1_U13,MXY,1,120.57057913205348,1,1,0.0,0,0,0,-9999.0,0.25,1,P0_CV0,1,0,2,0,2
1,2540470.832,712452.2021,E1_F1_m1f1_P1_Y1_UO91,S1_F1_m-1f-1_P1_Y-1_U78,S1_F1_m-1f-1_P1_Y-1_U182,FXX,1,120.57057913205348,1,1,1.0,0,0,0,-9999.0,0.5,1,P0_CV0,1,1,1,1,1
1,2540470.832,712452.2021,E1_F1_m1f1_P1_Y1_UO37,S1_F1_m-1f-1_P1_Y-1_U129,S1_F1_m-1f-1_P1_Y-1_U175,MXY,1,120.57057913205348,1,1,0.0,0,0,0,-9999.0,1.0,1,P0_CV0,1,2,0,2,0
1,2540470.832,712452.2021,E1_F1_m1f1_P1_Y1_UO54,S1_F1_m-1f-1_P1_Y-1_U22,S1_F1_m-1f-1_P1_Y-1_U70,MXY,1,120.57057913205348,1,1,0.0,0,0,0,-9999.0,0.75,1,P0_CV0,1,1,1,2,0
1,2540470.832,712452.2021,E1_F1_m1f1_P1_Y1_UO28,S1_F1_m-1f-1_P1_Y-1_U49,S1_F1_m-1f-1_P1_Y-1_U76,MXY,1,120.57057913205348,1,1,0.0,0,0,0,-9999.0,0.0,1,P0_CV0,1,0,2,1,1
1,2540470.832,712452.2021,E1_F1_m1f1_P1_Y1_UO154,S1_F1_m-1f-1_P1_Y-1_U10,S1_F1_m-1f-1_P1_Y-1_U13,MXY,1,120.57057913205348,1,1,0.0,0,0,0,-9999.0,0.25,1,P0_CV0,1,1,1,1,1
1,2540470.832,712452.2021,E1_F1_m1f1_P1_Y1_UO132,S1_F1_m-1f-1_P1_Y-1_U121,S1_F1_m-1f-1_P1_Y-1_U13,MXY,1,120.57057913205348,1,1,0.0,0,0,0,-9999.0,0.25,1,P0_CV0,1,1,1,2,0
1,2540470.832,712452.2021,E1_F1_m1f1_P1_Y1_UO165,S1_F1_m-1f-1_P1_Y-1_U103,S1_F1_m-1f-1_P1_Y-1_U39,MXY,1,120.57057913205348,1,1,0.0,0,0,0,-9999.0,0.75,1,P0_CV0,1,2,0,0,2
1,2540470.832,712452.2021,E1_F1_m1f1_P1_Y1_UO34,S1_F1_m-1f-1_P1_Y-1_U51,S1_F1_m-1f-1_P1_Y-1_U112,FXX,1,120.57057913205348,1,1,1.0,0,0,0,-9999.0,0.25,1,P0_CV0,1,0,2,1,1
1,2540470.832,712452.2021,E1_F1_m1f1_P1_Y1_UO4,S1_F1_m-1f-1_P1_Y-1_U28,S1_F1_m-1f-1_P1_Y-1_U79,FXX,1,120.57057913205348,1,1,1.0,0,0,0,-9999.0,0.25,1,P0_CV0,1,1,1,1,1
1,2540470.832,712452.2021,E1_F1_m1f1_P1_Y1_UO51,S1_F1_m-1f-1_P1_Y-1_U132,S1_F1_m-1f-1_P1_Y-1_U13,MXY,1,120.57057913205348,1,1,0.0,0,0,0,-9999.0,0.25,1,P0_CV0,1,0,2,1,1
1,2540470.832,712452.2021,E1_F1_m1f1_P1_Y1_UO111,S1_F1_m-1f-1_P1_Y-1_U160,S1_F1_m-1f-1_P1_Y-1_U39,MXY,1,120.57057913205348,1,1,0.0,0,0,0,-9999.0,0.5,1,P0_CV0,1,1,1,0,2
1,2540470.832,712452.2021,E1_F1_m1f1_P1_Y1_UO93,S1_F1_m-1f-1_P1_Y-1_U62,S1_F1_m-1f-1_P1_Y-1_U13,FXX,1,120.57057913205348,1,1,1.0,0,0,0,-9999.0,0.25,1,P0_CV0,1,1,1,2,0
1,2540470.832,712452.2021,E1_F1_m1f1_P1_Y1_UO173,S1_F1_m-1f-1_P1_Y-1_U86,S1_F1_m-1f-1_P1_Y-1_U75,FXX,1,120.57057913205348,1,1,1.0,0,0,0,-9999.0,1.0,1,P0_CV0,1,2,0,2,0
1,2540470.832,712452.2021,E1_F1_m1f1_P1_Y1_UO143,S1_F1_m-1f-1_P1_Y-1_U10,S1_F1_m-1f-1_P1_Y-1_U13,MXY,1,120.57057913205348,1,1,0.0,0,0,0,-9999.0,0.25,1,P0_CV0,1,1,1,0,2
1,2540470.832,712452.2021,E1_F1_m1f1_P1_Y1_UO185,S1_F1_m-1f-1_P1_Y-1_U82,S1_F1_m-1f-1_P1_Y-1_U112,FXX,1,120.57057913205348,1,1,1.0,0,0,0,-9999.0,0.25,1,P0_CV0,1,1,1,1,1
1,2540470.832,712452.2021,E1_F1_m1f1_P1_Y1_UO137,S1_F1_m-1f-1_P1_Y-1_U121,S1_F1_m-1f-1_P1_Y-1_U13,MXY,1,120.57057913205348,1,1,0.0,0,0,0,-9999.0,0.25,1,P0_CV0,1,1,1,2,0
1,2540470.832,712452.2021,E1_F1_m1f1_P1_Y1_UO189,S1_F1_m-1f-1_P1_Y-1_U82,S1_F1_m-1f-1_P1_Y-1_U112,FXX,1,120.57057913205348,1,1,1.0,0,0,0,-9999.0,0.25,1,P0_CV0,1,1,1,1,1
1,2540470.832,712452.2021,E1_F1_m1f1_P1_Y1_UO101,S1_F1_m-1f-1_P1_Y-1_U62,S1_F1_m-1f-1_P1_Y-1_U13,FXX,1,120.57057913205348,1,1,1.0,0,0,0,-9999.0,0.25,1,P0_CV0,1,1,1,1,1
1,2540470.832,712452.2021,E1_F1_m1f1_P1_Y1_UO55,S1_F1_m-1f-1_P1_Y-1_U22,S1_F1_m-1f-1_P1_Y-1_U70,MXY,1,120.57057913205348,1,1,0.0,0,0,0,-9999.0,0.75,1,P0_CV0,1,2,0,2,0
1,2540470.832,712452.2021,E1_F1_m1f1_P1_Y1_UO114,S1_F1_m-1f-1_P1_Y-1_U160,S1_F1_m-1f-1_P1_Y-1_U39,MXY,1,120.57057913205348,1,1,0.0,0,0,0,-9999.0,0.5,1,P0_CV0,1,1,1,1,1
1,2540470.832,712452.2021,E1_F1_m1f1_P1_Y1_UO104,S1_F1_m-1f-1_P1_Y-1_U195,S1_F1_m-1f-1_P1_Y-1_U54,MXY,1,120.57057913205348,1,1,0.0,0,0,0,-9999.0,0.5,1,P0_CV0,1,1,1,1,1
1,2540470.832,712452.2021,E1_F1_m1f1_P1_Y1_UO96,S1_F1_m-1f-1_P1_Y-1_U62,S1_F1_m-1f-1_P1_Y-1_U13,FXX,1,120.57057913205348,1,1,1.0,0,0,0,-9999.0,0.25,1,P0_CV0,1,1,1,1,1
1,2540470.832,712452.2021,E1_F1_m1f1_P1_Y1_UO21,S1_F1_m-1f-1_P1_Y-1_U49,S1_F1_m-1f-1_P1_Y-1_U76,FXX,1,120.57057913205348,1,1,1.0,0,0,0,-9999.0,0.0,1,P0_CV0,1,0,2,1,1
1,2540470.832,712452.2021,E1_F1_m1f1_P1_Y1_UO63,S1_F1_m-1f-1_P1_Y-1_U32,S1_F1_m-1f-1_P1_Y-1_U185,FXX,1,120.57057913205348,1,1,1.0,0,0,0,-9999.0,0.0,1,P0_CV0,1,0,2,1,1
1,2540470.832,712452.2021,E1_F1_m1f1_P1_Y1_UO157,S1_F1_m-1f-1_P1_Y-1_U103,S1_F1_m-1f-1_P1_Y-1_U39,FXX,1,120.57057913205348,1,1,1.0,0,0,0,-9999.0,0.75,1,P0_CV0,1,1,1,0,2
1,2540470.832,712452.2021,E1_F1_m1f1_P1_Y1_UO3,S1_F1_m-1f-1_P1_Y-1_U4,S1_F1_m-1f-1_P1_Y-1_U18,MXY,1,120.57057913205348,1,1,0.0,0,0,0,-9999.0,0.75,1,P0_CV0,1,1,1,0,2
1,2540470.832,712452.2021,E1_F1_m1f1_P1_Y1_UO43,S1_F1_m-1f-1_P1_Y-1_U132,S1_F1_m-1f-1_P1_Y-1_U13,MXY,1,120.57057913205348,1,1,0.0,0,0,0,-9999.0,0.25,1,P0_CV0,1,1,1,2,0
1,2540470.832,712452.2021,E1_F1_m1f1_P1_Y1_UO170,S1_F1_m-1f-1_P1_Y-1_U86,S1_F1_m-1f-1_P1_Y-1_U75,FXX,1,120.57057913205348,1,1,1.0,0,0,0,-9999.0,1.0,1,P0_CV0,1,2,0,2,0
1,2540470.832,712452.2021,E1_F1_m1f1_P1_Y1_UO183,S1_F1_m-1f-1_P1_Y-1_U82,S1_F1_m-1f-1_P1_Y-1_U112,MXY,1,120.57057913205348,1,1,0.0,0,0,0,-9999.0,0.25,1,P0_CV0,1,0,2,1,1
1,2540470.832,712452.2021,E1_F1_m1f1_P1_Y1_UO61,S1_F1_m-1f-1_P1_Y-1_U32,S1_F1_m-1f-1_P1_Y-1_U185,MXY,1,120.57057913205348,1,1,0.0,0,0,0,-9999.0,0.0,1,P0_CV0,1,0,2,0,2
1,2540470.832,712452.2021,E1_F1_m1f1_P1_Y1_UO17,S1_F1_m-1f-1_P1_Y-1_U40,S1_F1_m-1f-1_P1_Y-1_U53,MXY,1,120.57057913205348,1,1,0.0,0,0,0,-9999.0,0.5,1,P0_CV0,1,1,1,2,0
1,2540470.832,712452.2021,E1_F1_m1f1_P1_Y1_UO106,S1_F1_m-1f-1_P1_Y-1_U195,S1_F1_m-1f-1_P1_Y-1_U54,MXY,1,120.57057913205348,1,1,0.0,0,0,0,-9999.0,0.5,1,P0_CV0,1,1,1,1,1
1,2540470.832,712452.2021,E1_F1_m1f1_P1_Y1_UO136,S1_F1_m-1f-1_P1_Y-1_U121,S1_F1_m-1f-1_P1_Y-1_U13,FXX,1,120.57057913205348,1,1,1.0,0,0,0,-9999.0,0.25,1,P0_CV0,1,1,1,1,1
1,2540470.832,712452.2021,E1_F1_m1f1_P1_Y1_UO121,S1_F1_m-1f-1_P1_Y-1_U19,S1_F1_m-1f-1_P1_Y-1_U165,MXY,1,120.57057913205348,1,1,0.0,0,0,0,-9999.0,0.5,1,P0_CV0,1,2,0,1,1
1,2540470.832,712452.2021,E1_F1_m1f1_P1_Y1_UO13,S1_F1_m-1f-1_P1_Y-1_U147,S1_F1_m-1f-1_P1_Y-1_U65,MXY,1,120.57057913205348,1,1,0.0,0,0,0,-9999.0,0.0,1,P0_CV0,1,0,2,1,1
1,2540470.832,712452.2021,E1_F1_m1f1_P1_Y1_UO77,S1_F1_m-1f-1_P1_Y-1_U6,S1_F1_m-1f-1_P1_Y-1_U79,FXX,1,120.57057913205348,1,1,1.0,0,0,0,-9999.0,0.5,1,P0_CV0,1,1,1,1,1
1,2540470.832,712452.2021,E1_F1_m1f1_P1_Y1_UO153,S1_F1_m-1f-1_P1_Y-1_U10,S1_F1_m-1f-1_P1_Y-1_U13,FXX,1,120.57057913205348,1,1,1.0,0,0,0,-9999.0,0.25,1,P0_CV0,1,0,2,1,1
1,2540470.832,712452.2021,E1_F1_m1f1_P1_Y1_UO9,S1_F1_m-1f-1_P1_Y-1_U117,S1_F1_m-1f-1_P1_Y-1_U139,MXY,1,120.57057913205348,1,1,0.0,0,0,0,-9999.0,0.25,1,P0_CV0,1,1,1,1,1
1,2540470.832,712452.2021,E1_F1_m1f1_P1_Y1_UO135,S1_F1_m-1f-1_P1_Y-1_U121,S1_F1_m-1f-1_P1_Y-1_U13,MXY,1,120.57057913205348,1,1,0.0,0,0,0,-9999.0,0.25,1,P0_CV0,1,0,2,1,1
1,2540470.832,712452.2021,E1_F1_m1f1_P1_Y1_UO144,S1_F1_m-1f-1_P1_Y-1_U10,S1_F1_m-1f-1_P1_Y-1_U13,MXY,1,120.57057913205348,1,1,0.0,0,0,0,-9999.0,0.25,1,P0_CV0,1,1,1,2,0
1,2540470.832,712452.2021,E1_F1_m1f1_P1_Y1_UO79,S1_F1_m-1f-1_P1_Y-1_U6,S1_F1_m-1f-1_P1_Y-1_U79,MXY,1,120.57057913205348,1,1,0.0,0,0,0,-9999.0,0.5,1,P0_CV0,1,1,1,1,1
1,2540470.832,712452.2021,E1_F1_m1f1_P1_Y1_UO80,S1_F1_m-1f-1_P1_Y-1_U6,S1_F1_m-1f-1_P1_Y-1_U79,FXX,1,120.57057913205348,1,1,1.0,0,0,0,-9999.0,0.5,1,P0_CV0,1,1,1,1,1
1,2540470.832,712452.2021,E1_F1_m1f1_P1_Y1_UO7,S1_F1_m-1f-1_P1_Y-1_U117,S1_F1_m-1f-1_P1_Y-1_U139,FXX,1,120.57057913205348,1,1,1.0,0,0,0,-9999.0,0.25,1,P0_CV0,1,0,2,1,1
1,2540470.832,712452.2021,E1_F1_m1f1_P1_Y1_UO88,S1_F1_m-1f-1_P1_Y-1_U78,S1_F1_m-1f-1_P1_Y-1_U182,MXY,1,120.57057913205348,1,1,0.0,0,0,0,-9999.0,0.5,1,P0_CV0,1,1,1,0,2
1,2540470.832,712452.2021,E1_F1_m1f1_P1_Y1_UO141,S1_F1_m-1f-1_P1_Y-1_U10,S1_F1_m-1f-1_P1_Y-1_U13,MXY,1,120.57057913205348,1,1,0.0,0,0,0,-9999.0,0.25,1,P0_CV0,1,0,2,0,2
1,2540470.832,712452.2021,E1_F1_m1f1_P1_Y1_UO159,S1_F1_m-1f-1_P1_Y-1_U103,S1_F1_m-1f-1_P1_Y-1_U39,MXY,1,120.57057913205348,1,1,0.0,0,0,0,-9999.0,0.75,1,P0_CV0,1,2,0,0,2
1,2540470.832,712452.2021,E1_F1_m1f1_P1_Y1_UO175,S1_F1_m-1f-1_P1_Y-1_U86,S1_F1_m-1f-1_P1_Y-1_U75,FXX,1,120.57057913205348,1,1,1.0,0,0,0,-9999.0,1.0,1,P0_CV0,1,2,0,2,0
1,2540470.832,712452.2021,E1_F1_m1f1_P1_Y1_UO18,S1_F1_m-1f-1_P1_Y-1_U40,S1_F1_m-1f-1_P1_Y-1_U53,FXX,1,120.57057913205348,1,1,1.0,0,0,0,-9999.0,0.5,1,P0_CV0,1,1,1,2,0
1,2540470.832,712452.2021,E1_F1_m1f1_P1_Y1_UO164,S1_F1_m-1f-1_P1_Y-1_U103,S1_F1_m-1f-1_P1_Y-1_U39,MXY,1,120.57057913205348,1,1,0.0,0,0,0,-9999.0,0.75,1,P0_CV0,1,1,1,0,2
1,2540470.832,712452.2021,E1_F1_m1f1_P1_Y1_UO86,S1_F1_m-1f-1_P1_Y-1_U78,S1_F1_m-1f-1_P1_Y-1_U182,FXX,1,120.57057913205348,1,1,1.0,0,0,0,-9999.0,0.5,1,P0_CV0,1,1,1,0,2
1,2540470.832,712452.2021,E1_F1_m1f1_P1_Y1_UO44,S1_F1_m-1f-1_P1_Y-1_U132,S1_F1_m-1f-1_P1_Y-1_U13,MXY,1,120.57057913205348,1,1,0.0,0,0,0,-9999.0,0.25,1,P0_CV0,1,0,2,0,2
1,2540470.832,712452.2021,E1_F1_m1f1_P1_Y1_UO120,S1_F1_m-1f-1_P1_Y-1_U160,S1_F1_m-1f-1_P1_Y-1_U39,FXX,1,120.57057913205348,1,1,1.0,0,0,0,-9999.0,0.5,1,P0_CV0,1,0,2,1,1
1,2540470.832,712452.2021,E1_F1_m1f1_P1_Y1_UO100,S1_F1_m-1f-1_P1_Y-1_U62,S1_F1_m-1f-1_P1_Y-1_U13,MXY,1,120.57057913205348,1,1,0.0,0,0,0,-9999.0,0.25,1,P0_CV0,1,1,1,1,1
1,2540470.832,712452.2021,E1_F1_m1f1_P1_Y1_UO181,S1_F1_m-1f-1_P1_Y-1_U86,S1_F1_m-1f-1_P1_Y-1_U75,MXY,1,120.57057913205348,1,1,0.0,0,0,0,-9999.0,1.0,1,P0_CV0,1,2,0,1,1
1,2540470.832,712452.2021,E1_F1_m1f1_P1_Y1_UO155,S1_F1_m-1f-1_P1_Y-1_U10,S1_F1_m-1f-1_P1_Y-1_U13,MXY,1,120.57057913205348,1,1,0.0,0,0,0,-9999.0,0.25,1,P0_CV0,1,0,2,0,2
1,2540470.832,712452.2021,E1_F1_m1f1_P1_Y1_UO31,S1_F1_m-1f-1_P1_Y-1_U51,S1_F1_m-1f-1_P1_Y-1_U112,FXX,1,120.57057913205348,1,1,1.0,0,0,0,-9999.0,0.25,1,P0_CV0,1,1,1,2,0
1,2540470.832,712452.2021,E1_F1_m1f1_P1_Y1_UO75,S1_F1_m-1f-1_P1_Y-1_U6,S1_F1_m-1f-1_P1_Y-1_U79,FXX,1,120.57057913205348,1,1,1.0,0,0,0,-9999.0,0.5,1,P0_CV0,1,1,1,1,1
1,2540470.832,712452.2021,E1_F1_m1f1_P1_Y1_UO113,S1_F1_m-1f-1_P1_Y-1_U160,S1_F1_m-1f-1_P1_Y-1_U39,MXY,1,120.57057913205348,1,1,0.0,0,0,0,-9999.0,0.5,1,P0_CV0,1,0,2,0,2
1,2540470.832,712452.2021,E1_F1_m1f1_P1_Y1_UO52,S1_F1_m-1f-1_P1_Y-1_U132,S1_F1_m-1f-1_P1_Y-1_U13,MXY,1,120.57057913205348,1,1,0.0,0,0,0,-9999.0,0.25,1,P0_CV0,1,1,1,2,0
1,2540470.832,712452.2021,E1_F1_m1f1_P1_Y1_UO103,S1_F1_m-1f-1_P1_Y-1_U195,S1_F1_m-1f-1_P1_Y-1_U54,FXX,1,120.57057913205348,1,1,1.0,0,0,0,-9999.0,0.5,1,P0_CV0,1,1,1,1,1
1,2540470.832,712452.2021,E1_F1_m1f1_P1_Y1_UO40,S1_F1_m-1f-1_P1_Y-1_U129,S1_F1_m-1f-1_P1_Y-1_U175,MXY,1,120.57057913205348,1,1,0.0,0,0,0,-9999.0,1.0,1,P0_CV0,1,2,0,2,0
1,2540470.832,712452.2021,E1_F1_m1f1_P1_Y1_UO45,S1_F1_m-1f-1_P1_Y-1_U132,S1_F1_m-1f-1_P1_Y-1_U13,FXX,1,120.57057913205348,1,1,1.0,0,0,0,-9999.0,0.25,1,P0_CV0,1,0,2,2,0
1,2540470.832,712452.2021,E1_F1_m1f1_P1_Y1_UO32,S1_F1_m-1f-1_P1_Y-1_U51,S1_F1_m-1f-1_P1_Y-1_U112,FXX,1,120.57057913205348,1,1,1.0,0,0,0,-9999.0,0.25,1,P0_CV0,1,0,2,1,1
1,2540470.832,712452.2021,E1_F1_m1f1_P1_Y1_UO119,S1_F1_m-1f-1_P1_Y-1_U160,S1_F1_m-1f-1_P1_Y-1_U39,FXX,1,120.57057913205348,1,1,1.0,0,0,0,-9999.0,0.5,1,P0_CV0,1,1,1,0,2
1,2540470.832,712452.2021,E1_F1_m1f1_P1_Y1_UO133,S1_F1_m-1f-1_P1_Y-1_U121,S1_F1_m-1f-1_P1_Y-1_U13,MXY,1,120.57057913205348,1,1,0.0,0,0,0,-9999.0,0.25,1,P0_CV0,1,0,2,2,0
1,2540470.832,712452.2021,E1_F1_m1f1_P1_Y1_UO59,S1_F1_m-1f-1_P1_Y-1_U22,S1_F1_m-1f-1_P1_Y-1_U70,FXX,1,120.57057913205348,1,1,1.0,0,0,0,-9999.0,0.75,1,P0_CV0,1,1,1,2,0
1,2540470.832,712452.2021,E1_F1_m1f1_P1_Y1_UO128,S1_F1_m-1f-1_P1_Y-1_U19,S1_F1_m-1f-1_P1_Y-1_U165,MXY,1,120.57057913205348,1,1,0.0,0,0,0,-9999.0,0.5,1,P0_CV0,1,0,2,1,1
1,2540470.832,712452.2021,E1_F1_m1f1_P1_Y1_UO138,S1_F1_m-1f-1_P1_Y-1_U121,S1_F1_m-1f-1_P1_Y-1_U13,FXX,1,120.57057913205348,1,1,1.0,0,0,0,-9999.0,0.25,1,P0_CV0,1,1,1,1,1
1,2540470.832,712452.2021,E1_F1_m1f1_P1_Y1_UO27,S1_F1_m-1f-1_P1_Y-1_U49,S1_F1_m-1f-1_P1_Y-1_U76,MXY,1,120.57057913205348,1,1,0.0,0,0,0,-9999.0,0.0,1,P0_CV0,1,0,2,1,1
1,2540470.832,712452.2021,E1_F1_m1f1_P1_Y1_UO47,S1_F1_m-1f-1_P1_Y-1_U132,S1_F1_m-1f-1_P1_Y-1_U13,FXX,1,120.57057913205348,1,1,1.0,0,0,0,-9999.0,0.25,1,P0_CV0,1,0,2,0,2
1,2540470.832,712452.2021,E1_F1_m1f1_P1_Y1_UO190,S1_F1_m-1f-1_P1_Y-1_U82,S1_F1_m-1f-1_P1_Y-1_U112,FXX,1,120.57057913205348,1,1,1.0,0,0,0,-9999.0,0.25,1,P0_CV0,1,1,1,2,0
1,2540470.832,712452.2021,E1_F1_m1f1_P1_Y1_UO89,S1_F1_m-1f-1_P1_Y-1_U78,S1_F1_m-1f-1_P1_Y-1_U182,MXY,1,120.57057913205348,1,1,0.0,0,0,0,-9999.0,0.5,1,P0_CV0,1,1,1,0,2
1,2540470.832,712452.2021,E1_F1_m1f1_P1_Y1_UO172,S1_F1_m-1f-1_P1_Y-1_U86,S1_F1_m-1f-1_P1_Y-1_U75,FXX,1,120.57057913205348,1,1,1.0,0,0,0,-9999.0,1.0,1,P0_CV0,1,2,0,1,1
1,2540470.832,712452.2021,E1_F1_m1f1_P1_Y1_UO2,S1_F1_m-1f-1_P1_Y-1_U4,S1_F1_m-1f-1_P1_Y-1_U18,MXY,1,120.57057913205348,1,1,0.0,0,0,0,-9999.0,0.75,1,P0_CV0,1,2,0,0,2
1,2540470.832,712452.2021,E1_F1_m1f1_P1_Y1_UO123,S1_F1_m-1f-1_P1_Y-1_U19,S1_F1_m-1f-1_P1_Y-1_U165,MXY,1,120.57057913205348,1,1,0.0,0,0,0,-9999.0,0.5,1,P0_CV0,1,2,0,0,2
1,2540470.832,712452.2021,E1_F1_m1f1_P1_Y1_UO168,S1_F1_m-1f-1_P1_Y-1_U103,S1_F1_m-1f-1_P1_Y-1_U39,FXX,1,120.57057913205348,1,1,1.0,0,0,0,-9999.0,0.75,1,P0_CV0,1,2,0,0,2
1,2540470.832,712452.2021,E1_F1_m1f1_P1_Y1_UO179,S1_F1_m-1f-1_P1_Y-1_U86,S1_F1_m-1f-1_P1_Y-1_U75,FXX,1,120.57057913205348,1,1,1.0,0,0,0,-9999.0,1.0,1,P0_CV0,1,2,0,1,1
1,2540470.832,712452.2021,E1_F1_m1f1_P1_Y1_UO66,S1_F1_m-1f-1_P1_Y-1_U32,S1_F1_m-1f-1_P1_Y-1_U185,FXX,1,120.57057913205348,1,1,1.0,0,0,0,-9999.0,0.0,1,P0_CV0,1,0,2,2,0
1,2540470.832,712452.2021,E1_F1_m1f1_P1_Y0_UO193,R1_F1_m-1f-1_P1_Y-1_U73,R1_F1_m-1f-1_P1_Y-1_U156,FXX,2,150.4607485265028,1,0,1.0,0,0,0,-9999.0,0.5,1,P0_CV0,1,1,1,0,2
1,2540470.832,712452.2021,E1_F1_m1f1_P1_Y0_UO27,R1_F1_m-1f-1_P1_Y-1_U3,R1_F1_m-1f-1_P1_Y-1_U194,FXX,2,150.4607485265028,1,0,1.0,0,0,0,-9999.0,0.75,1,P0_CV0,1,2,0,2,0
1,2540470.832,712452.2021,E1_F1_m1f1_P1_Y0_UO504,R1_F1_m-1f-1_P1_Y-1_U163,R1_F1_m-1f-1_P1_Y-1_U197,FXX,2,150.4607485265028,1,0,1.0,0,0,0,-9999.0,0.25,1,P0_CV0,1,0,2,2,0
1,2540470.832,712452.2021,E1_F1_m1f1_P1_Y0_UO559,R1_F1_m-1f-1_P1_Y-1_U190,R1_F1_m-1f-1_P1_Y-1_U185,MXY,2,150.4607485265028,1,0,0.0,0,0,0,-9999.0,0.0,1,P0_CV0,1,0,2,0,2
1,2540470.832,712452.2021,E1_F1_m1f1_P1_Y0_UO236,R1_F1_m-1f-1_P1_Y-1_U90,R1_F1_m-1f-1_P1_Y-1_U53,FXX,2,150.4607485265028,1,0,1.0,0,0,0,-9999.0,0.25,1,P0_CV0,1,0,2,1,1
1,2540470.832,712452.2021,E1_F1_m1f1_P1_Y0_UO31,R1_F1_m-1f-1_P1_Y-1_U3,R1_F1_m-1f-1_P1_Y-1_U194,FXX,2,150.4607485265028,1,0,1.0,0,0,0,-9999.0,0.75,1,P0_CV0,1,1,1,1,1
1,2540470.832,712452.2021,E1_F1_m1f1_P1_Y0_UO235,R1_F1_m-1f-1_P1_Y-1_U90,R1_F1_m-1f-1_P1_Y-1_U53,FXX,2,150.4607485265028,1,0,1.0,0,0,0,-9999.0,0.25,1,P0_CV0,1,0,2,1,1
1,2540470.832,712452.2021,E1_F1_m1f1_P1_Y0_UO275,R1_F1_m-1f-1_P1_Y-1_U102,R1_F1_m-1f-1_P1_Y-1_U124,MXY,2,150.4607485265028,1,0,0.0,0,0,0,-9999.0,0.5,1,P0_CV0,1,1,1,1,1
1,2540470.832,712452.2021,E1_F1_m1f1_P1_Y0_UO328,R1_F1_m-1f-1_P1_Y-1_U115,R1_F1_m-1f-1_P1_Y-1_U135,MXY,2,150.4607485265028,1,0,0.0,0,0,0,-9999.0,0.5,1,P0_CV0,1,2,0,1,1
1,2540470.832,712452.2021,E1_F1_m1f1_P1_Y0_UO156,R1_F1_m-1f-1_P1_Y-1_U62,R1_F1_m-1f-1_P1_Y-1_U39,MXY,2,150.4607485265028,1,0,0.0,0,0,0,-9999.0,0.5,1,P0_CV0,1,1,1,1,1
1,2540470.832,712452.2021,E1_F1_m1f1_P1_Y0_UO594,R1_F1_m-1f-1_P1_Y-1_U195,R1_F1_m-1f-1_P1_Y-1_U66,FXX,2,150.4607485265028,1,0,1.0,0,0,0,-9999.0,0.25,1,P0_CV0,1,1,1,1,1
1,2540470.832,712452.2021,E1_F1_m1f1_P1_Y0_UO372,R1_F1_m-1f-1_P1_Y-1_U129,R1_F1_m-1f-1_P1_Y-1_U26,MXY,2,150.4607485265028,1,0,0.0,0,0,0,-9999.0,0.75,1,P0_CV0,1,1,1,2,0
1,2540470.832,712452.2021,E1_F1_m1f1_P1_Y0_UO560,R1_F1_m-1f-1_P1_Y-1_U190,R1_F1_m-1f-1_P1_Y-1_U185,FXX,2,150.4607485265028,1,0,1.0,0,0,0,-9999.0,0.0,1,P0_CV0,1,0,2,1,1
1,2540470.832,712452.2021,E1_F1_m1f1_P1_Y0_UO211,R1_F1_m-1f-1_P1_Y-1_U82,R1_F1_m-1f-1_P1_Y-1_U92,FXX,2,150.4607485265028,1,0,1.0,0,0,0,-9999.0,0.0,1,P0_CV0,1,0,2,2,0
1,2540470.832,712452.2021,E1_F1_m1f1_P1_Y0_UO603,R1_F1_m-1f-1_P1_Y-1_U198,R1_F1_m-1f-1_P1_Y-1_U112,MXY,2,150.4607485265028,1,0,0.0,0,0,0,-9999.0,0.75,1,P0_CV0,1,1,1,2,0
1,2540470.832,712452.2021,E1_F1_m1f1_P1_Y0_UO598,R1_F1_m-1f-1_P1_Y-1_U198,R1_F1_m-1f-1_P1_Y-1_U112,FXX,2,150.4607485265028,1,0,1.0,0,0,0,-9999.0,0.75,1,P0_CV0,1,2,0,2,0
1,2540470.832,712452.2021,E1_F1_m1f1_P1_Y0_UO177,R1_F1_m-1f-1_P1_Y-1_U68,R1_F1_m-1f-1_P1_Y-1_U145,FXX,2,150.4607485265028,1,0,1.0,0,0,0,-9999.0,0.75,1,P0_CV0,1,2,0,0,2
1,2540470.832,712452.2021,E1_F1_m1f1_P1_Y0_UO541,R1_F1_m-1f-1_P1_Y-1_U177,R1_F1_m-1f-1_P1_Y-1_U176,FXX,2,150.4607485265028,1,0,1.0,0,0,0,-9999.0,0.5,1,P0_CV0,1,0,2,0,2
1,2540470.832,712452.2021,E1_F1_m1f1_P1_Y0_UO146,R1_F1_m-1f-1_P1_Y-1_U56,R1_F1_m-1f-1_P1_Y-1_U176,FXX,2,150.4607485265028,1,0,1.0,0,0,0,-9999.0,0.25,1,P0_CV0,1,0,2,1,1
1,2540470.832,712452.2021,E1_F1_m1f1_P1_Y0_UO144,R1_F1_m-1f-1_P1_Y-1_U56,R1_F1_m-1f-1_P1_Y-1_U176,MXY,2,150.4607485265028,1,0,0.0,0,0,0,-9999.0,0.25,1,P0_CV0,1,1,1,1,1
1,2540470.832,712452.2021,E1_F1_m1f1_P1_Y0_UO342,R1_F1_m-1f-1_P1_Y-1_U116,R1_F1_m-1f-1_P1_Y-1_U69,FXX,2,150.4607485265028,1,0,1.0,0,0,0,-9999.0,0.75,1,P0_CV0,1,1,1,1,1
1,2540470.832,712452.2021,E1_F1_m1f1_P1_Y0_UO126,R1_F1_m-1f-1_P1_Y-1_U48,R1_F1_m-1f-1_P1_Y-1_U50,FXX,2,150.4607485265028,1,0,1.0,0,0,0,-9999.0,0.75,1,P0_CV0,1,2,0,0,2
1,2540470.832,712452.2021,E1_F1_m1f1_P1_Y0_UO239,R1_F1_m-1f-1_P1_Y-1_U90,R1_F1_m-1f-1_P1_Y-1_U53,FXX,2,150.4607485265028,1,0,1.0,0,0,0,-9999.0,0.25,1,P0_CV0,1,0,2,1,1
1,2540470.832,712452.2021,E1_F1_m1f1_P1_Y0_UO230,R1_F1_m-1f-1_P1_Y-1_U86,R1_F1_m-1f-1_P1_Y-1_U168,FXX,2,150.4607485265028,1,0,1.0,0,0,0,-9999.0,1.0,1,P0_CV0,1,2,0,1,1
1,2540470.832,712452.2021,E1_F1_m1f1_P1_Y0_UO447,R1_F1_m-1f-1_P1_Y-1_U153,R1_F1_m-1f-1_P1_Y-1_U169,MXY,2,150.4607485265028,1,0,0.0,0,0,0,-9999.0,0.5,1,P0_CV0,1,0,2,2,0
1,2540470.832,712452.2021,E1_F1_m1f1_P1_Y0_UO263,R1_F1_m-1f-1_P1_Y-1_U100,R1_F1_m-1f-1_P1_Y-1_U27,MXY,2,150.4607485265028,1,0,0.0,0,0,0,-9999.0,0.25,1,P0_CV0,1,1,1,0,2
1,2540470.832,712452.2021,E1_F1_m1f1_P1_Y0_UO24,R1_F1_m-1f-1_P1_Y-1_U2,R1_F1_m-1f-1_P1_Y-1_U84,FXX,2,150.4607485265028,1,0,1.0,0,0,0,-9999.0,0.5,1,P0_CV0,1,2,0,0,2
1,2540470.832,712452.2021,E1_F1_m1f1_P1_Y0_UO500,R1_F1_m-1f-1_P1_Y-1_U163,R1_F1_m-1f-1_P1_Y-1_U197,FXX,2,150.4607485265028,1,0,1.0,0,0,0,-9999.0,0.25,1,P0_CV0,1,0,2,1,1
1,2540470.832,712452.2021,E1_F1_m1f1_P1_Y0_UO119,R1_F1_m-1f-1_P1_Y-1_U46,R1_F1_m-1f-1_P1_Y-1_U93,MXY,2,150.4607485265028,1,0,0.0,0,0,0,-9999.0,0.0,1,P0_CV0,1,0,2,1,1
1,2540470.832,712452.2021,E1_F1_m1f1_P1_Y0_UO288,R1_F1_m-1f-1_P1_Y-1_U103,R1_F1_m-1f-1_P1_Y-1_U191,FXX,2,150.4607485265028,1,0,1.0,0,0,0,-9999.0,0.5,1,P0_CV0,1,1,1,1,1
1,2540470.832,712452.2021,E1_F1_m1f1_P1_Y0_UO51,R1_F1_m-1f-1_P1_Y-1_U10,R1_F1_m-1f-1_P1_Y-1_U199,MXY,2,150.4607485265028,1,0,0.0,0,0,0,-9999.0,0.25,1,P0_CV0,1,1,1,0,2
1,2540470.832,712452.2021,E1_F1_m1f1_P1_Y0_UO465,R1_F1_m-1f-1_P1_Y-1_U159,R1_F1_m-1f-1_P1_Y-1_U33,FXX,2,150.4607485265028,1,0,1.0,0,0,0,-9999.0,0.5,1,P0_CV0,1,0,2,1,1
1,2540470.832,712452.2021,E1_F1_m1f1_P1_Y0_UO273,R1_F1_m-1f-1_P1_Y-1_U100,R1_F1_m-1f-1_P1_Y-1_U27,FXX,2,150.4607485265028,1,0,1.0,0,0,0,-9999.0,0.25,1,P0_CV0,1,1,1,0,2
1,2540470.832,712452.2021,E1_F1_m1f1_P1_Y0_UO71,R1_F1_m-1f-1_P1_Y-1_U19,R1_F1_m-1f-1_P1_Y-1_U33,MXY,2,150.4607485265028,1,0,0.0,0,0,0,-9999.0,0.5,1,P0_CV0,1,2,0,1,1
1,2540470.832,712452.2021,E1_F1_m1f1_P1_Y0_UO589,R1_F1_m-1f-1_P1_Y-1_U195,R1_F1_m-1f-1_P1_Y-1_U66,FXX,2,150.4607485265028,1,0,1.0,0,0,0,-9999.0,0.25,1,P0_CV0,1,1,1,1,1
1,2540470.832,712452.2021,E1_F1_m1f1_P1_Y0_UO12,R1_F1_m-1f-1_P1_Y-1_U2,R1_F1_m-1f-1_P1_Y-1_U84,MXY,2,150.4607485265028,1,0,0.0,0,0,0,-9999.0,0.5,1,P0_CV0,1,2,0,0,2
1,2540470.832,712452.2021,E1_F1_m1f1_P1_Y0_UO172,R1_F1_m-1f-1_P1_Y-1_U68,R1_F1_m-1f-1_P1_Y-1_U145,FXX,2,150.4607485265028,1,0,1.0,0,0,0,-9999.0,0.75,1,P0_CV0,1,2,0,0,2
1,2540470.832,712452.2021,E1_F1_m1f1_P1_Y0_UO175,R1_F1_m-1f-1_P1_Y-1_U68,R1_F1_m-1f-1_P1_Y-1_U145,MXY,2,150.4607485265028,1,0,0.0,0,0,0,-9999.0,0.75,1,P0_CV0,1,2,0,1,1
1,2540470.832,712452.2021,E1_F1_m1f1_P1_Y0_UO475,R1_F1_m-1f-1_P1_Y-1_U160,R1_F1_m-1f-1_P1_Y-1_U162,FXX,2,150.4607485265028,1,0,1.0,0,0,0,-9999.0,0.75,1,P0_CV0,1,1,1,1,1
1,2540470.832,712452.2021,E1_F1_m1f1_P1_Y0_UO264,R1_F1_m-1f-1_P1_Y-1_U100,R1_F1_m-1f-1_P1_Y-1_U27,FXX,2,150.4607485265028,1,0,1.0,0,0,0,-9999.0,0.25,1,P0_CV0,1,0,2,1,1
1,2540470.832,712452.2021,E1_F1_m1f1_P1_Y0_UO170,R1_F1_m-1f-1_P1_Y-1_U68,R1_F1_m-1f-1_P1_Y-1_U145,MXY,2,150.4607485265028,1,0,0.0,0,0,0,-9999.0,0.75,1,P0_CV0,1,1,1,1,1
1,2540470.832,712452.2021,E1_F1_m1f1_P1_Y0_UO145,R1_F1_m-1f-1_P1_Y-1_U56,R1_F1_m-1f-1_P1_Y-1_U176,FXX,2,150.4607485265028,1,0,1.0,0,0,0,-9999.0,0.25,1,P0_CV0,1,1,1,0,2
1,2540470.832,712452.2021,E1_F1_m1f1_P1_Y0_UO347,R1_F1_m-1f-1_P1_Y-1_U121,R1_F1_m-1f-1_P1_Y-1_U154,MXY,2,150.4607485265028,1,0,0.0,0,0,0,-9999.0,0.75,1,P0_CV0,1,1,1,1,1
1,2540470.832,712452.2021,E1_F1_m1f1_P1_Y0_UO186,R1_F1_m-1f-1_P1_Y-1_U71,R1_F1_m-1f-1_P1_Y-1_U145,MXY,2,150.4607485265028,1,0,0.0,0,0,0,-9999.0,0.5,1,P0_CV0,1,2,0,0,2
1,2540470.832,712452.2021,E1_F1_m1f1_P1_Y0_UO163,R1_F1_m-1f-1_P1_Y-1_U62,R1_F1_m-1f-1_P1_Y-1_U39,FXX,2,150.4607485265028,1,0,1.0,0,0,0,-9999.0,0.5,1,P0_CV0,1,1,1,1,1
1,2540470.832,712452.2021,E1_F1_m1f1_P1_Y0_UO79,R1_F1_m-1f-1_P1_Y-1_U19,R1_F1_m-1f-1_P1_Y-1_U33,FXX,2,150.4607485265028,1,0,1.0,0,0,0,-9999.0,0.5,1,P0_CV0,1,2,0,1,1
1,2540470.832,712452.2021,E1_F1_m1f1_P1_Y0_UO409,R1_F1_m-1f-1_P1_Y-1_U146,R1_F1_m-1f-1_P1_Y-1_U194,FXX,2,150.4607485265028,1,0,1.0,0,0,0,-9999.0,0.75,1,P0_CV0,1,2,0,1,1
1,2540470.832,712452.2021,E1_F1_m1f1_P1_Y0_UO405,R1_F1_m-1f-1_P1_Y-1_U144,R1_F1_m-1f-1_P1_Y-1_U181,FXX,2,150.4607485265028,1,0,1.0,0,0,0,-9999.0,0.75,1,P0_CV0,1,1,1,1,1
1,2540470.832,712452.2021,E1_F1_m1f1_P1_Y0_UO408,R1_F1_m-1f-1_P1_Y-1_U144,R1_F1_m-1f-1_P1_Y-1_U181,FXX,2,150.4607485265028,1,0,1.0,0,0,0,-9999.0,0.75,1,P0_CV0,1,2,0,1,1
1,2540470.832,712452.2021,E1_F1_m1f1_P1_Y0_UO243,R1_F1_m-1f-1_P1_Y-1_U95,R1_F1_m-1f-1_P1_Y-1_U53,MXY,2,150.4607485265028,1,0,0.0,0,0,0,-9999.0,0.25,1,P0_CV0,1,1,1,2,0
1,2540470.832,712452.2021,E1_F1_m1f1_P1_Y0_UO397,R1_F1_m-1f-1_P1_Y-1_U143,R1_F1_m-1f-1_P1_Y-1_U199,MXY,2,150.4607485265028,1,0,0.0,0,0,0,-9999.0,0.25,1,P0_CV0,1,1,1,1,1
1,2540470.832,712452.2021,E1_F1_m1f1_P1_Y0_UO167,R1_F1_m-1f-1_P1_Y-1_U64,R1_F1_m-1f-1_P1_Y-1_U127,MXY,2,150.4607485265028,1,0,0.0,0,0,0,-9999.0,0.5,1,P0_CV0,1,1,1,1,1
1,2540470.832,712452.2021,E1_F1_m1f1_P1_Y0_UO287,R1_F1_m-1f-1_P1_Y-1_U103,R1_F1_m-1f-1_P1_Y-1_U191,FXX,2,150.4607485265028,1,0,1.0,0,0,0,-9999.0,0.5,1,P0_CV0,1,1,1,1,1
1,2540470.832,712452.2021,E1_F1_m1f1_P1_Y0_UO176,R1_F1_m-1f-1_P1_Y-1_U68,R1_F1_m-1f-1_P1_Y-1_U145,FXX,2,150.4607485265028,1,0,1.0,0,0,0,-9999.0,0.75,1,P0_CV0,1,2,0,1,1
1,2540470.832,712452.2021,E1_F1_m1f1_P1_Y0_UO495,R1_F1_m-1f-1_P1_Y-1_U161,R1_F1_m-1f-1_P1_Y-1_U178,MXY,2,150.4607485265028,1,0,0.0,0,0,0,-9999.0,0.5,1,P0_CV0,1,1,1,1,1
1,2540470.832,712452.2021,E1_F1_m1f1_P1_Y0_UO531,R1_F1_m-1f-1_P1_Y-1_U173,R1_F1_m-1f-1_P1_Y-1_U70,FXX,2,150.4607485265028,1,0,1.0,0,0,0,-9999.0,0.5,1,P0_CV0,1,1,1,1,1
1,2540470.832,712452.2021,E1_F1_m1f1_P1_Y0_UO200,R1_F1_m-1f-1_P1_Y-1_U78,R1_F1_m-1f-1_P1_Y-1_U74,FXX,2,150.4607485265028,1,0,1.0,0,0,0,-9999.0,0.0,1,P0_CV0,1,0,2,1,1
1,2540470.832,712452.2021,E1_F1_m1f1_P1_Y0_UO233,R1_F1_m-1f-1_P1_Y-1_U86,R1_F1_m-1f-1_P1_Y-1_U168,FXX,2,150.4607485265028,1,0,1.0,0,0,0,-9999.0,1.0,1,P0_CV0,1,2,0,2,0
1,2540470.832,712452.2021,E1_F1_m1f1_P1_Y0_UO308,R1_F1_m-1f-1_P1_Y-1_U104,R1_F1_m-1f-1_P1_Y-1_U77,FXX,2,150.4607485265028,1,0,1.0,0,0,0,-9999.0,0.0,1,P0_CV0,1,0,2,0,2
1,2540470.832,712452.2021,E1_F1_m1f1_P1_Y0_UO487,R1_F1_m-1f-1_P1_Y-1_U161,R1_F1_m-1f-1_P1_Y-1_U178,MXY,2,150.4607485265028,1,0,0.0,0,0,0,-9999.0,0.5,1,P0_CV0,1,0,2,0,2
1,2540470.832,712452.2021,E1_F1_m1f1_P1_Y0_UO261,R1_F1_m-1f-1_P1_Y-1_U97,R1_F1_m-1f-1_P1_Y-1_U94,MXY,2,150.4607485265028,1,0,0.0,0,0,0,-9999.0,0.5,1,P0_CV0,1,1,1,0,2
1,2540470.832,712452.2021,E1_F1_m1f1_P1_Y0_UO293,R1_F1_m-1f-1_P1_Y-1_U103,R1_F1_m-1f-1_P1_Y-1_U191,MXY,2,150.4607485265028,1,0,0.0,0,0,0,-9999.0,0.5,1,P0_CV0,1,1,1,1,1
1,2540470.832,712452.2021,E1_F1_m1f1_P1_Y0_UO339,R1_F1_m-1f-1_P1_Y-1_U116,R1_F1_m-1f-1_P1_Y-1_U69,MXY,2,150.4607485265028,1,0,0.0,0,0,0,-9999.0,0.75,1,P0_CV0,1,2,0,1,1
1,2540470.832,712452.2021,E1_F1_m1f1_P1_Y0_UO602,R1_F1_m-1f-1_P1_Y-1_U198,R1_F1_m-1f-1_P1_Y-1_U112,MXY,2,150.4607485265028,1,0,0.0,0,0,0,-9999.0,0.75,1,P0_CV0,1,1,1,2,0
1,2540470.832,712452.2021,E1_F1_m1f1_P1_Y0_UO352,R1_F1_m-1f-1_P1_Y-1_U121,R1_F1_m-1f-1_P1_Y-1_U154,FXX,2,150.4607485265028,1,0,1.0,0,0,0,-9999.0,0.75,1,P0_CV0,1,2,0,2,0
1,2540470.832,712452.2021,E1_F1_m1f1_P1_Y0_UO497,R1_F1_m-1f-1_P1_Y-1_U163,R1_F1_m-1f-1_P1_Y-1_U197,FXX,2,150.4607485265028,1,0,1.0,0,0,0,-9999.0,0.25,1,P0_CV0,1,1,1,1,1
1,2540470.832,712452.2021,E1_F1_m1f1_P1_Y0_UO479,R1_F1_m-1f-1_P1_Y-1_U160,R1_F1_m-1f-1_P1_Y-1_U162,FXX,2,150.4607485265028,1,0,1.0,0,0,0,-9999.0,0.75,1,P0_CV0,1,2,0,0,2
1,2540470.832,712452.2021,E1_F1_m1f1_P1_Y0_UO232,R1_F1_m-1f-1_P1_Y-1_U86,R1_F1_m-1f-1_P1_Y-1_U168,MXY,2,150.4607485265028,1,0,0.0,0,0,0,-9999.0,1.0,1,P0_CV0,1,2,0,2,0
1,2540470.832,712452.2021,E1_F1_m-1f-1_P1_Y-1_U40,-9999,-9999,FXX,3,142.84403581415683,1,0,1.0,0,0,0,-9999.0,0.5,1,P0_CV0,1,1,1,2,0
1,2540470.832,712452.2021,E1_F1_m-1f-1_P1_Y-1_U185,-9999,-9999,MXY,5,158.5894194116561,1,0,0.0,0,0,0,-9999.0,0.0,1,P0_CV0,1,0,2,1,1
1,2540470.832,712452.2021,E1_F1_m-1f-1_P1_Y-1_U35,-9999,-9999,MXY,5,158.5894194116561,1,0,0.0,0,0,0,-9999.0,0.5,1,P0_CV0,1,1,1,1,1
1,2540470.832,712452.2021,E1_F1_m-1f-1_P1_Y-1_U112,-9999,-9999,MXY,6,190.4074643731993,1,0,0.0,0,0,0,-9999.0,0.5,1,P0_CV0,1,1,1,1,1
1,2540470.832,712452.2021,Age0_F1_m1f1_P1_Y2_UO0,S1_F1_m1f1_P1_Y0_UO193,S1_F1_m1f1_P1_Y0_UO293,MXY,0,85.65990448844903,0,0,0.0,0,0,0,0.0,0.5,1,P0_CV0,1,1,1,0,2
1,2540470.832,712452.2021,Age0_F1_m1f1_P1_Y2_UO1,S1_F1_m1f1_P1_Y0_UO193,S1_F1_m1f1_P1_Y0_UO293,MXY,0,85.65990448844903,0,0,0.0,0,0,0,0.0,0.5,1,P0_CV0,1,2,0,0,2
1,2540470.832,712452.2021,Age0_F1_m1f1_P1_Y2_UO2,S1_F1_m1f1_P1_Y0_UO193,S1_F1_m1f1_P1_Y0_UO293,FXX,0,85.65990448844903,0,0,0.0,0,0,0,0.0,0.5,1,P0_CV0,1,1,1,1,1
1,2540470.832,712452.2021,Age0_F1_m1f1_P1_Y2_UO3,S1_F1_m1f1_P1_Y0_UO27,S1_F1_m-1f-1_P1_Y-1_U185,FXX,0,85.65990448844903,0,0,0.0,0,0,0,0.0,0.375,1,P0_CV0,1,1,1,1,1
1,2540470.832,712452.2021,Age0_F1_m1f1_P1_Y2_UO4,S1_F1_m1f1_P1_Y0_UO27,S1_F1_m-1f-1_P1_Y-1_U185,MXY,0,85.65990448844903,0,0,0.0,0,0,0,0.0,0.375,1,P0_CV0,1,1,1,2,0
1,2540470.832,712452.2021,Age0_F1_m1f1_P1_Y2_UO5,S1_F1_m1f1_P1_Y0_UO27,S1_F1_m-1f-1_P1_Y-1_U185,FXX,0,85.65990448844903,0,0,0.0,0,0,0,0.0,0.375,1,P0_CV0,1,1,1,2,0
1,2540470.832,712452.2021,Age0_F1_m1f1_P1_Y2_UO6,S1_F1_m1f1_P1_Y0_UO27,S1_F1_m-1f-1_P1_Y-1_U185,MXY,0,85.65990448844903,0,0,0.0,0,0,0,0.0,0.375,1,P0_CV0,1,1,1,2,0
1,2540470.832,712452.2021,Age0_F1_m1f1_P1_Y2_UO7,S1_F1_m1f1_P1_Y0_UO504,S1_F1_m1f1_P1_Y0_UO232,MXY,0,85.65990448844903,0,0,0.0,0,0,0,0.0,0.625,1,P0_CV0,1,1,1,2,0
1,2540470.832,712452.2021,Age0_F1_m1f1_P1_Y2_UO8,S1_F1_m1f1_P1_Y0_UO504,S1_F1_m1f1_P1_Y0_UO232,FXX,0,85.65990448844903,0,0,0.0,0,0,0,0.0,0.625,1,P0_CV0,1,1,1,2,0
1,2540470.832,712452.2021,Age0_F1_m1f1_P1_Y2_UO9,S1_F1_m1f1_P1_Y0_UO504,S1_F1_m1f1_P1_Y0_UO232,FXX,0,85.65990448844903,0,0,0.0,0,0,0,0.0,0.625,1,P0_CV0,1,1,1,2,0
1,2540470.832,712452.2021,Age0_F1_m1f1_P1_Y2_UO10,S1_F1_m1f1_P1_Y0_UO504,S1_F1_m1f1_P1_Y0_UO232,MXY,0,85.65990448844903,0,0,0.0,0,0,0,0.0,0.625,1,P0_CV0,1,1,1,2,0
1,2540470.832,712452.2021,Age0_F1_m1f1_P1_Y2_UO11,S1_F1_m1f1_P1_Y0_UO504,S1_F1_m1f1_P1_Y0_UO232,FXX,0,85.65990448844903,0,0,0.0,0,0,0,0.0,0.625,1,P0_CV0,1,1,1,2,0
1,2540470.832,712452.2021,Age0_F1_m1f1_P1_Y2_UO12,S1_F1_m1f1_P1_Y0_UO504,S1_F1_m1f1_P1_Y0_UO232,FXX,0,85.65990448844903,0,0,0.0,0,0,0,0.0,0.625,1,P0_CV0,1,1,1,2,0
1,2540470.832,712452.2021,Age0_F1_m1f1_P1_Y2_UO13,S1_F1_m1f1_P1_Y0_UO236,S1_F1_m1f1_P1_Y0_UO263,MXY,0,85.65990448844903,0,0,0.0,0,0,0,0.0,0.25,1,P0_CV0,1,0,2,0,2
1,2540470.832,712452.2021,Age0_F1_m1f1_P1_Y2_UO14,S1_F1_m1f1_P1_Y0_UO236,S1_F1_m1f1_P1_Y0_UO263,FXX,0,85.65990448844903,0,0,0.0,0,0,0,0.0,0.25,1,P0_CV0,1,1,1,1,1
1,2540470.832,712452.2021,Age0_F1_m1f1_P1_Y2_UO15,S1_F1_m1f1_P1_Y0_UO236,S1_F1_m1f1_P1_Y0_UO263,FXX,0,85.65990448844903,0,0,0.0,0,0,0,0.0,0.25,1,P0_CV0,1,1,1,0,2
1,2540470.832,712452.2021,Age0_F1_m1f1_P1_Y2_UO16,S1_F1_m1f1_P1_Y0_UO236,S1_F1_m1f1_P1_Y0_UO263,MXY,0,85.65990448844903,0,0,0.0,0,0,0,0.0,0.25,1,P0_CV0,1,1,1,0,2
1,2540470.832,712452.2021,Age0_F1_m1f1_P1_Y2_UO17,S1_F1_m1f1_P1_Y0_UO236,S1_F1_m1f1_P1_Y0_UO263,FXX,0,85.65990448844903,0,0,0.0,0,0,0,0.0,0.25,1,P0_CV0,1,0,2,1,1
1,2540470.832,712452.2021,Age0_F1_m1f1_P1_Y2_UO18,S1_F1_m1f1_P1_Y0_UO31,S1_F1_m1f1_P1_Y0_UO559,MXY,0,85.65990448844903,0,0,0.0,0,0,0,0.0,0.375,1,P0_CV0,1,0,2,0,2
1,2540470.832,712452.2021,Age0_F1_m1f1_P1_Y2_UO19,S1_F1_m1f1_P1_Y0_UO31,S1_F1_m1f1_P1_Y0_UO559,FXX,0,85.65990448844903,0,0,0.0,0,0,0,0.0,0.375,1,P0_CV0,1,1,1,0,2
1,2540470.832,712452.2021,Age0_F1_m1f1_P1_Y2_UO20,S1_F1_m1f1_P1_Y0_UO31,S1_F1_m1f1_P1_Y0_UO559,MXY,0,85.65990448844903,0,0,0.0,0,0,0,0.0,0.375,1,P0_CV0,1,1,1,0,2
1,2540470.832,712452.2021,Age0_F1_m1f1_P1_Y2_UO21,S1_F1_m1f1_P1_Y0_UO31,S1_F1_m1f1_P1_Y0_UO559,MXY,0,85.65990448844903,0,0,0.0,0,0,0,0.0,0.375,1,P0_CV0,1,1,1,1,1
1,2540470.832,712452.2021,Age0_F1_m1f1_P1_Y2_UO22,S1_F1_m1f1_P1_Y0_UO31,S1_F1_m1f1_P1_Y0_UO559,MXY,0,85.65990448844903,0,0,0.0,0,0,0,0.0,0.375,1,P0_CV0,1,0,2,0,2
1,2540470.832,712452.2021,Age0_F1_m1f1_P1_Y2_UO23,S1_F1_m1f1_P1_Y0_UO31,S1_F1_m1f1_P1_Y0_UO559,MXY,0,85.65990448844903,0,0,0.0,0,0,0,0.0,0.375,1,P0_CV0,1,0,2,1,1
1,2540470.832,712452.2021,Age0_F1_m1f1_P1_Y2_UO24,S1_F1_m1f1_P1_Y0_UO31,S1_F1_m1f1_P1_Y0_UO559,FXX,0,85.65990448844903,0,0,0.0,0,0,0,0.0,0.375,1,P0_CV0,1,0,2,0,2
1,2540470.832,712452.2021,Age0_F1_m1f1_P1_Y2_UO25,S1_F1_m1f1_P1_Y0_UO235,S1_F1_m1f1_P1_Y0_UO328,FXX,0,85.65990448844903,0,0,0.0,0,0,0,0.0,0.375,1,P0_CV0,1,1,1,1,1
1,2540470.832,712452.2021,Age0_F1_m1f1_P1_Y2_UO26,S1_F1_m1f1_P1_Y0_UO235,S1_F1_m1f1_P1_Y0_UO328,FXX,0,85.65990448844903,0,0,0.0,0,0,0,0.0,0.375,1,P0_CV0,1,1,1,0,2
1,2540470.832,712452.2021,Age0_F1_m1f1_P1_Y2_UO27,S1_F1_m1f1_P1_Y0_UO235,S1_F1_m1f1_P1_Y0_UO328,FXX,0,85.65990448844903,0,0,0.0,0,0,0,0.0,0.375,1,P0_CV0,1,1,1,1,1
1,2540470.832,712452.2021,Age0_F1_m1f1_P1_Y2_UO28,S1_F1_m1f1_P1_Y0_UO594,S1_F1_m1f1_P1_Y0_UO232,MXY,0,85.65990448844903,0,0,0.0,0,0,0,0.0,0.625,1,P0_CV0,1,1,1,2,0
1,2540470.832,712452.2021,Age0_F1_m1f1_P1_Y2_UO29,S1_F1_m1f1_P1_Y0_UO594,S1_F1_m1f1_P1_Y0_UO232,FXX,0,85.65990448844903,0,0,0.0,0,0,0,0.0,0.625,1,P0_CV0,1,2,0,2,0
1,2540470.832,712452.2021,Age0_F1_m1f1_P1_Y2_UO30,S1_F1_m1f1_P1_Y0_UO594,S1_F1_m1f1_P1_Y0_UO232,FXX,0,85.65990448844903,0,0,0.0,0,0,0,0.0,0.625,1,P0_CV0,1,1,1,1,1
1,2540470.832,712452.2021,Age0_F1_m1f1_P1_Y2_UO31,S1_F1_m1f1_P1_Y0_UO594,S1_F1_m1f1_P1_Y0_UO232,MXY,0,85.65990448844903,0,0,0.0,0,0,0,0.0,0.625,1,P0_CV0,1,2,0,1,1
1,2540470.832,712452.2021,Age0_F1_m1f1_P1_Y2_UO32,S1_F1_m1f1_P1_Y0_UO560,S1_F1_m1f1_P1_Y0_UO559,FXX,0,85.65990448844903,0,0,0.0,0,0,0,0.0,0.0,1,P0_CV0,1,0,2,0,2
1,2540470.832,712452.2021,Age0_F1_m1f1_P1_Y2_UO33,S1_F1_m1f1_P1_Y0_UO560,S1_F1_m1f1_P1_Y0_UO559,MXY,0,85.65990448844903,0,0,0.0,0,0,0,0.0,0.0,1,P0_CV0,1,0,2,0,2
1,2540470.832,712452.2021,Age0_F1_m1f1_P1_Y2_UO34,S1_F1_m1f1_P1_Y0_UO560,S1_F1_m1f1_P1_Y0_UO559,MXY,0,85.65990448844903,0,0,0.0,0,0,0,0.0,0.0,1,P0_CV0,1,0,2,0,2
1,2540470.832,712452.2021,Age0_F1_m1f1_P1_Y2_UO35,S1_F1_m1f1_P1_Y0_UO560,S1_F1_m1f1_P1_Y0_UO559,FXX,0,85.65990448844903,0,0,0.0,0,0,0,0.0,0.0,1,P0_CV0,1,0,2,0,2
1,2540470.832,712452.2021,Age0_F1_m1f1_P1_Y2_UO36,S1_F1_m1f1_P1_Y0_UO560,S1_F1_m1f1_P1_Y0_UO559,MXY,0,85.65990448844903,0,0,0.0,0,0,0,0.0,0.0,1,P0_CV0,1,0,2,1,1
1,2540470.832,712452.2021,Age0_F1_m1f1_P1_Y2_UO37,S1_F1_m1f1_P1_Y0_UO560,S1_F1_m1f1_P1_Y0_UO559,FXX,0,85.65990448844903,0,0,0.0,0,0,0,0.0,0.0,1,P0_CV0,1,0,2,1,1
1,2540470.832,712452.2021,Age0_F1_m1f1_P1_Y2_UO38,S1_F1_m1f1_P1_Y0_UO211,S1_F1_m1f1_P1_Y0_UO603,FXX,0,85.65990448844903,0,0,0.0,0,0,0,0.0,0.375,1,P0_CV0,1,0,2,2,0
1,2540470.832,712452.2021,Age0_F1_m1f1_P1_Y2_UO39,S1_F1_m1f1_P1_Y0_UO211,S1_F1_m1f1_P1_Y0_UO603,MXY,0,85.65990448844903,0,0,0.0,0,0,0,0.0,0.375,1,P0_CV0,1,1,1,2,0
1,2540470.832,712452.2021,Age0_F1_m1f1_P1_Y2_UO40,S1_F1_m1f1_P1_Y0_UO598,S1_F1_m1f1_P1_Y0_UO263,MXY,0,85.65990448844903,0,0,0.0,0,0,0,0.0,0.5,1,P0_CV0,1,1,1,1,1
1,2540470.832,712452.2021,Age0_F1_m1f1_P1_Y2_UO41,S1_F1_m1f1_P1_Y0_UO598,S1_F1_m1f1_P1_Y0_UO263,MXY,0,85.65990448844903,0,0,0.0,0,0,0,0.0,0.5,1,P0_CV0,1,1,1,1,1
1,2540470.832,712452.2021,Age0_F1_m1f1_P1_Y2_UO42,S1_F1_m1f1_P1_Y0_UO598,S1_F1_m1f1_P1_Y0_UO263,FXX,0,85.65990448844903,0,0,0.0,0,0,0,0.0,0.5,1,P0_CV0,1,1,1,1,1
1,2540470.832,712452.2021,Age0_F1_m1f1_P1_Y2_UO43,S1_F1_m1f1_P1_Y0_UO177,S1_F1_m-1f-1_P1_Y-1_U112,FXX,0,85.65990448844903,0,0,0.0,0,0,0,0.0,0.625,1,P0_CV0,1,2,0,0,2
1,2540470.832,712452.2021,Age0_F1_m1f1_P1_Y2_UO44,S1_F1_m1f1_P1_Y0_UO177,S1_F1_m-1f-1_P1_Y-1_U112,FXX,0,85.65990448844903,0,0,0.0,0,0,0,0.0,0.625,1,P0_CV0,1,2,0,0,2
1,2540470.832,712452.2021,Age0_F1_m1f1_P1_Y2_UO45,S1_F1_m1f1_P1_Y0_UO177,S1_F1_m-1f-1_P1_Y-1_U112,MXY,0,85.65990448844903,0,0,0.0,0,0,0,0.0,0.625,1,P0_CV0,1,2,0,0,2
1,2540470.832,712452.2021,Age0_F1_m1f1_P1_Y2_UO46,S1_F1_m1f1_P1_Y0_UO177,S1_F1_m-1f-1_P1_Y-1_U112,MXY,0,85.65990448844903,0,0,0.0,0,0,0,0.0,0.625,1,P0_CV0,1,1,1,0,2
1,2540470.832,712452.2021,Age0_F1_m1f1_P1_Y2_UO47,S1_F1_m1f1_P1_Y0_UO541,S1_F1_m1f1_P1_Y0_UO397,MXY,0,85.65990448844903,0,0,0.0,0,0,0,0.0,0.375,1,P0_CV0,1,1,1,0,2
1,2540470.832,712452.2021,Age0_F1_m1f1_P1_Y2_UO48,S1_F1_m1f1_P1_Y0_UO541,S1_F1_m1f1_P1_Y0_UO397,FXX,0,85.65990448844903,0,0,0.0,0,0,0,0.0,0.375,1,P0_CV0,1,0,2,1,1
1,2540470.832,712452.2021,Age0_F1_m1f1_P1_Y2_UO49,S1_F1_m1f1_P1_Y0_UO541,S1_F1_m1f1_P1_Y0_UO397,FXX,0,85.65990448844903,0,0,0.0,0,0,0,0.0,0.375,1,P0_CV0,1,0,2,1,1
1,2540470.832,712452.2021,Age0_F1_m1f1_P1_Y2_UO50,S1_F1_m1f1_P1_Y0_UO146,S1_F1_m1f1_P1_Y0_UO12,FXX,0,85.65990448844903,0,0,0.0,0,0,0,0.0,0.375,1,P0_CV0,1,1,1,1,1
1,2540470.832,712452.2021,Age0_F1_m1f1_P1_Y2_UO51,S1_F1_m1f1_P1_Y0_UO146,S1_F1_m1f1_P1_Y0_UO12,MXY,0,85.65990448844903,0,0,0.0,0,0,0,0.0,0.375,1,P0_CV0,1,1,1,0,2
1,2540470.832,712452.2021,Age0_F1_m1f1_P1_Y2_UO52,S1_F1_m1f1_P1_Y0_UO146,S1_F1_m1f1_P1_Y0_UO12,MXY,0,85.65990448844903,0,0,0.0,0,0,0,0.0,0.375,1,P0_CV0,1,1,1,1,1
1,2540470.832,712452.2021,Age0_F1_m1f1_P1_Y2_UO53,S1_F1_m1f1_P1_Y0_UO146,S1_F1_m1f1_P1_Y0_UO12,FXX,0,85.65990448844903,0,0,0.0,0,0,0,0.0,0.375,1,P0_CV0,1,1,1,1,1
1,2540470.832,712452.2021,Age0_F1_m1f1_P1_Y2_UO54,S1_F1_m1f1_P1_Y0_UO146,S1_F1_m1f1_P1_Y0_UO12,MXY,0,85.65990448844903,0,0,0.0,0,0,0,0.0,0.375,1,P0_CV0,1,1,1,1,1
1,2540470.832,712452.2021,Age0_F1_m1f1_P1_Y2_UO55,S1_F1_m1f1_P1_Y0_UO342,S1_F1_m1f1_P1_Y0_UO51,MXY,0,85.65990448844903,0,0,0.0,0,0,0,0.0,0.5,1,P0_CV0,1,1,1,0,2
1,2540470.832,712452.2021,Age0_F1_m1f1_P1_Y2_UO56,S1_F1_m1f1_P1_Y0_UO342,S1_F1_m1f1_P1_Y0_UO51,FXX,0,85.65990448844903,0,0,0.0,0,0,0,0.0,0.5,1,P0_CV0,1,1,1,0,2
1,2540470.832,712452.2021,Age0_F1_m1f1_P1_Y2_UO57,S1_F1_m1f1_P1_Y0_UO342,S1_F1_m1f1_P1_Y0_UO51,MXY,0,85.65990448844903,0,0,0.0,0,0,0,0.0,0.5,1,P0_CV0,1,0,2,0,2
1,2540470.832,712452.2021,Age0_F1_m1f1_P1_Y2_UO58,S1_F1_m1f1_P1_Y0_UO342,S1_F1_m1f1_P1_Y0_UO51,FXX,0,85.65990448844903,0,0,0.0,0,0,0,0.0,0.5,1,P0_CV0,1,1,1,1,1
1,2540470.832,712452.2021,Age0_F1_m1f1_P1_Y2_UO59,S1_F1_m1f1_P1_Y0_UO342,S1_F1_m1f1_P1_Y0_UO51,FXX,0,85.65990448844903,0,0,0.0,0,0,0,0.0,0.5,1,P0_CV0,1,1,1,0,2
1,2540470.832,712452.2021,Age0_F1_m1f1_P1_Y2_UO60,S1_F1_m1f1_P1_Y0_UO342,S1_F1_m1f1_P1_Y0_UO51,FXX,0,85.65990448844903,0,0,0.0,0,0,0,0.0,0.5,1,P0_CV0,1,1,1,1,1
1,2540470.832,712452.2021,Age0_F1_m1f1_P1_Y2_UO61,S1_F1_m1f1_P1_Y0_UO342,S1_F1_m1f1_P1_Y0_UO51,FXX,0,85.65990448844903,0,0,0.0,0,0,0,0.0,0.5,1,P0_CV0,1,0,2,0,2
1,2540470.832,712452.2021,Age0_F1_m1f1_P1_Y2_UO62,S1_F1_m1f1_P1_Y0_UO126,S1_F1_m1f1_P1_Y0_UO144,FXX,0,85.65990448844903,0,0,0.0,0,0,0,0.0,0.5,1,P0_CV0,1,1,1,0,2
1,2540470.832,712452.2021,Age0_F1_m1f1_P1_Y2_UO63,S1_F1_m1f1_P1_Y0_UO126,S1_F1_m1f1_P1_Y0_UO144,FXX,0,85.65990448844903,0,0,0.0,0,0,0,0.0,0.5,1,P0_CV0,1,2,0,1,1
1,2540470.832,712452.2021,Age0_F1_m1f1_P1_Y2_UO64,S1_F1_m1f1_P1_Y0_UO126,S1_F1_m1f1_P1_Y0_UO144,MXY,0,85.65990448844903,0,0,0.0,0,0,0,0.0,0.5,1,P0_CV0,1,1,1,1,1
1,2540470.832,712452.2021,Age0_F1_m1f1_P1_Y2_UO65,S1_F1_m1f1_P1_Y0_UO126,S1_F1_m1f1_P1_Y0_UO144,FXX,0,85.65990448844903,0,0,0.0,0,0,0,0.0,0.5,1,P0_CV0,1,1,1,1,1
1,2540470.832,712452.2021,Age0_F1_m1f1_P1_Y2_UO66,S1_F1_m1f1_P1_Y0_UO126,S1_F1_m1f1_P1_Y0_UO144,MXY,0,85.65990448844903,0,0,0.0,0,0,0,0.0,0.5,1,P0_CV0,1,1,1,0,2
1,2540470.832,712452.2021,Age0_F1_m1f1_P1_Y2_UO67,S1_F1_m1f1_P1_Y0_UO126,S1_F1_m1f1_P1_Y0_UO144,MXY,0,85.65990448844903,0,0,0.0,0,0,0,0.0,0.5,1,P0_CV0,1,2,0,0,2
1,2540470.832,712452.2021,Age0_F1_m1f1_P1_Y2_UO68,S1_F1_m1f1_P1_Y0_UO126,S1_F1_m1f1_P1_Y0_UO144,MXY,0,85.65990448844903,0,0,0.0,0,0,0,0.0,0.5,1,P0_CV0,1,2,0,1,1
1,2540470.832,712452.2021,Age0_F1_m1f1_P1_Y2_UO69,S1_F1_m1f1_P1_Y0_UO126,S1_F1_m1f1_P1_Y0_UO144,FXX,0,85.65990448844903,0,0,0.0,0,0,0,0.0,0.5,1,P0_CV0,1,1,1,0,2
1,2540470.832,712452.2021,Age0_F1_m1f1_P1_Y2_UO70,S1_F1_m1f1_P1_Y0_UO126,S1_F1_m1f1_P1_Y0_UO144,MXY,0,85.65990448844903,0,0,0.0,0,0,0,0.0,0.5,1,P0_CV0,1,2,0,1,1
1,2540470.832,712452.2021,Age0_F1_m1f1_P1_Y2_UO71,S1_F1_m1f1_P1_Y0_UO239,S1_F1_m1f1_P1_Y0_UO51,FXX,0,85.65990448844903,0,0,0.0,0,0,0,0.0,0.25,1,P0_CV0,1,1,1,1,1
1,2540470.832,712452.2021,Age0_F1_m1f1_P1_Y2_UO72,S1_F1_m1f1_P1_Y0_UO239,S1_F1_m1f1_P1_Y0_UO51,FXX,0,85.65990448844903,0,0,0.0,0,0,0,0.0,0.25,1,P0_CV0,1,0,2,1,1
1,2540470.832,712452.2021,Age0_F1_m1f1_P1_Y2_UO73,S1_F1_m1f1_P1_Y0_UO239,S1_F1_m1f1_P1_Y0_UO51,FXX,0,85.65990448844903,0,0,0.0,0,0,0,0.0,0.25,1,P0_CV0,1,0,2,0,2
1,2540470.832,712452.2021,Age0_F1_m1f1_P1_Y2_UO74,S1_F1_m1f1_P1_Y0_UO239,S1_F1_m1f1_P1_Y0_UO51,MXY,0,85.65990448844903,0,0,0.0,0,0,0,0.0,0.25,1,P0_CV0,1,1,1,0,2
1,2540470.832,712452.2021,Age0_F1_m1f1_P1_Y2_UO75,S1_F1_m1f1_P1_Y0_UO239,S1_F1_m1f1_P1_Y0_UO51,MXY,0,85.65990448844903,0,0,0.0,0,0,0,0.0,0.25,1,P0_CV0,1,1,1,1,1
1,2540470.832,712452.2021,Age0_F1_m1f1_P1_Y2_UO76,S1_F1_m1f1_P1_Y0_UO239,S1_F1_m1f1_P1_Y0_UO51,FXX,0,85.65990448844903,0,0,0.0,0,0,0,0.0,0.25,1,P0_CV0,1,0,2,1,1
1,2540470.832,712452.2021,Age0_F1_m1f1_P1_Y2_UO77,S1_F1_m1f1_P1_Y0_UO239,S1_F1_m1f1_P1_Y0_UO51,MXY,0,85.65990448844903,0,0,0.0,0,0,0,0.0,0.25,1,P0_CV0,1,1,1,0,2
1,2540470.832,712452.2021,Age0_F1_m1f1_P1_Y2_UO78,S1_F1_m1f1_P1_Y0_UO230,S1_F1_m1f1_P1_Y0_UO119,FXX,0,85.65990448844903,0,0,0.0,0,0,0,0.0,0.5,1,P0_CV0,1,1,1,2,0
1,2540470.832,712452.2021,Age0_F1_m1f1_P1_Y2_UO79,S1_F1_m1f1_P1_Y0_UO230,S1_F1_m1f1_P1_Y0_UO119,MXY,0,85.65990448844903,0,0,0.0,0,0,0,0.0,0.5,1,P0_CV0,1,1,1,2,0
1,2540470.832,712452.2021,Age0_F1_m1f1_P1_Y2_UO80,S1_F1_m1f1_P1_Y0_UO230,S1_F1_m1f1_P1_Y0_UO119,FXX,0,85.65990448844903,0,0,0.0,0,0,0,0.0,0.5,1,P0_CV0,1,1,1,1,1
1,2540470.832,712452.2021,Age0_F1_m1f1_P1_Y2_UO81,S1_F1_m1f1_P1_Y0_UO230,S1_F1_m1f1_P1_Y0_UO119,FXX,0,85.65990448844903,0,0,0.0,0,0,0,0.0,0.5,1,P0_CV0,1,1,1,1,1
1,2540470.832,712452.2021,Age0_F1_m1f1_P1_Y2_UO82,S1_F1_m1f1_P1_Y0_UO230,S1_F1_m1f1_P1_Y0_UO119,FXX,0,85.65990448844903,0,0,0.0,0,0,0,0.0,0.5,1,P0_CV0,1,1,1,1,1
1,2540470.832,712452.2021,Age0_F1_m1f1_P1_Y2_UO83,S1_F1_m1f1_P1_Y0_UO230,S1_F1_m1f1_P1_Y0_UO119,FXX,0,85.65990448844903,0,0,0.0,0,0,0,0.0,0.5,1,P0_CV0,1,1,1,2,0
1,2540470.832,712452.2021,Age0_F1_m1f1_P1_Y2_UO84,S1_F1_m1f1_P1_Y0_UO230,S1_F1_m1f1_P1_Y0_UO119,MXY,0,85.65990448844903,0,0,0.0,0,0,0,0.0,0.5,1,P0_CV0,1,1,1,2,0
1,2540470.832,712452.2021,Age0_F1_m1f1_P1_Y2_UO85,S1_F1_m1f1_P1_Y0_UO24,S1_F1_m1f1_P1_Y0_UO167,MXY,0,85.65990448844903,0,0,0.0,0,0,0,0.0,0.5,1,P0_CV0,1,1,1,1,1
1,2540470.832,712452.2021,Age0_F1_m1f1_P1_Y2_UO86,S1_F1_m1f1_P1_Y0_UO24,S1_F1_m1f1_P1_Y0_UO167,FXX,0,85.65990448844903,0,0,0.0,0,0,0,0.0,0.5,1,P0_CV0,1,1,1,1,1
1,2540470.832,712452.2021,Age0_F1_m1f1_P1_Y2_UO87,S1_F1_m1f1_P1_Y0_UO24,S1_F1_m1f1_P1_Y0_UO167,FXX,0,85.65990448844903,0,0,0.0,0,0,0,0.0,0.5,1,P0_CV0,1,2,0,0,2
1,2540470.832,712452.2021,Age0_F1_m1f1_P1_Y2_UO88,S1_F1_m1f1_P1_Y0_UO24,S1_F1_m1f1_P1_Y0_UO167,MXY,0,85.65990448844903,0,0,0.0,0,0,0,0.0,0.5,1,P0_CV0,1,1,1,0,2
1,2540470.832,712452.2021,Age0_F1_m1f1_P1_Y2_UO89,S1_F1_m1f1_P1_Y0_UO500,S1_F1_m1f1_P1_Y0_UO51,MXY,0,85.65990448844903,0,0,0.0,0,0,0,0.0,0.25,1,P0_CV0,1,0,2,1,1
1,2540470.832,712452.2021,Age0_F1_m1f1_P1_Y2_UO90,S1_F1_m1f1_P1_Y0_UO500,S1_F1_m1f1_P1_Y0_UO51,FXX,0,85.65990448844903,0,0,0.0,0,0,0,0.0,0.25,1,P0_CV0,1,0,2,1,1
1,2540470.832,712452.2021,Age0_F1_m1f1_P1_Y2_UO91,S1_F1_m1f1_P1_Y0_UO288,S1_F1_m1f1_P1_Y0_UO495,MXY,0,85.65990448844903,0,0,0.0,0,0,0,0.0,0.5,1,P0_CV0,1,1,1,0,2
1,2540470.832,712452.2021,Age0_F1_m1f1_P1_Y2_UO92,S1_F1_m1f1_P1_Y0_UO288,S1_F1_m1f1_P1_Y0_UO495,FXX,0,85.65990448844903,0,0,0.0,0,0,0,0.0,0.5,1,P0_CV0,1,1,1,2,0
1,2540470.832,712452.2021,Age0_F1_m1f1_P1_Y2_UO93,S1_F1_m1f1_P1_Y0_UO288,S1_F1_m1f1_P1_Y0_UO495,MXY,0,85.65990448844903,0,0,0.0,0,0,0,0.0,0.5,1,P0_CV0,1,1,1,0,2
1,2540470.832,712452.2021,Age0_F1_m1f1_P1_Y2_UO94,S1_F1_m1f1_P1_Y0_UO288,S1_F1_m1f1_P1_Y0_UO495,FXX,0,85.65990448844903,0,0,0.0,0,0,0,0.0,0.5,1,P0_CV0,1,2,0,0,2
1,2540470.832,712452.2021,Age0_F1_m1f1_P1_Y2_UO95,S1_F1_m1f1_P1_Y0_UO288,S1_F1_m1f1_P1_Y0_UO495,MXY,0,85.65990448844903,0,0,0.0,0,0,0,0.0,0.5,1,P0_CV0,1,1,1,0,2
1,2540470.832,712452.2021,Age0_F1_m1f1_P1_Y2_UO96,S1_F1_m1f1_P1_Y0_UO288,S1_F1_m1f1_P1_Y0_UO495,MXY,0,85.65990448844903,0,0,0.0,0,0,0,0.0,0.5,1,P0_CV0,1,0,2,0,2
1,2540470.832,712452.2021,Age0_F1_m1f1_P1_Y2_UO97,S1_F1_m1f1_P1_Y0_UO288,S1_F1_m1f1_P1_Y0_UO495,FXX,0,85.65990448844903,0,0,0.0,0,0,0,0.0,0.5,1,P0_CV0,1,1,1,1,1
1,2540470.832,712452.2021,Age0_F1_m1f1_P1_Y2_UO98,S1_F1_m1f1_P1_Y0_UO288,S1_F1_m1f1_P1_Y0_UO495,MXY,0,85.65990448844903,0,0,0.0,0,0,0,0.0,0.5,1,P0_CV0,1,0,2,1,1
1,2540470.832,712452.2021,Age0_F1_m1f1_P1_Y2_UO99,S1_F1_m1f1_P1_Y0_UO465,S1_F1_m1f1_P1_Y0_UO495,FXX,0,85.65990448844903,0,0,0.0,0,0,0,0.0,0.5,1,P0_CV0,1,0,2,1,1
1,2540470.832,712452.2021,Age0_F1_m1f1_P1_Y2_UO100,S1_F1_m1f1_P1_Y0_UO465,S1_F1_m1f1_P1_Y0_UO495,MXY,0,85.65990448844903,0,0,0.0,0,0,0,0.0,0.5,1,P0_CV0,1,1,1,2,0
1,2540470.832,712452.2021,Age0_F1_m1f1_P1_Y2_UO101,S1_F1_m1f1_P1_Y0_UO465,S1_F1_m1f1_P1_Y0_UO495,MXY,0,85.65990448844903,0,0,0.0,0,0,0,0.0,0.5,1,P0_CV0,1,0,2,1,1
1,2540470.832,712452.2021,Age0_F1_m1f1_P1_Y2_UO102,S1_F1_m1f1_P1_Y0_UO465,S1_F1_m1f1_P1_Y0_UO495,MXY,0,85.65990448844903,0,0,0.0,0,0,0,0.0,0.5,1,P0_CV0,1,1,1,1,1
1,2540470.832,712452.2021,Age0_F1_m1f1_P1_Y2_UO103,S1_F1_m1f1_P1_Y0_UO273,S1_F1_m1f1_P1_Y0_UO71,MXY,0,85.65990448844903,0,0,0.0,0,0,0,0.0,0.375,1,P0_CV0,1,2,0,0,2
1,2540470.832,712452.2021,Age0_F1_m1f1_P1_Y2_UO104,S1_F1_m1f1_P1_Y0_UO273,S1_F1_m1f1_P1_Y0_UO71,FXX,0,85.65990448844903,0,0,0.0,0,0,0,0.0,0.375,1,P0_CV0,1,1,1,1,1
1,2540470.832,712452.2021,Age0_F1_m1f1_P1_Y2_UO105,S1_F1_m1f1_P1_Y0_UO273,S1_F1_m1f1_P1_Y0_UO71,MXY,0,85.65990448844903,0,0,0.0,0,0,0,0.0,0.375,1,P0_CV0,1,1,1,0,2
1,2540470.832,712452.2021,Age0_F1_m1f1_P1_Y2_UO106,S1_F1_m1f1_P1_Y0_UO273,S1_F1_m1f1_P1_Y0_UO71,FXX,0,85.65990448844903,0,0,0.0,0,0,0,0.0,0.375,1,P0_CV0,1,1,1,1,1
1,2540470.832,712452.2021,Age0_F1_m1f1_P1_Y2_UO107,S1_F1_m1f1_P1_Y0_UO589,S1_F1_m1f1_P1_Y0_UO167,FXX,0,85.65990448844903,0,0,0.0,0,0,0,0.0,0.375,1,P0_CV0,1,2,0,2,0
1,2540470.832,712452.2021,Age0_F1_m1f1_P1_Y2_UO108,S1_F1_m1f1_P1_Y0_UO589,S1_F1_m1f1_P1_Y0_UO167,MXY,0,85.65990448844903,0,0,0.0,0,0,0,0.0,0.375,1,P0_CV0,1,1,1,2,0
1,2540470.832,712452.2021,Age0_F1_m1f1_P1_Y2_UO109,S1_F1_m1f1_P1_Y0_UO589,S1_F1_m1f1_P1_Y0_UO167,MXY,0,85.65990448844903,0,0,0.0,0,0,0,0.0,0.375,1,P0_CV0,1,2,0,0,2
1,2540470.832,712452.2021,Age0_F1_m1f1_P1_Y2_UO110,S1_F1_m1f1_P1_Y0_UO589,S1_F1_m1f1_P1_Y0_UO167,FXX,0,85.65990448844903,0,0,0.0,0,0,0,0.0,0.375,1,P0_CV0,1,1,1,1,1
1,2540470.832,712452.2021,Age0_F1_m1f1_P1_Y2_UO111,S1_F1_m1f1_P1_Y0_UO172,S1_F1_m1f1_P1_Y0_UO71,FXX,0,85.65990448844903,0,0,0.0,0,0,0,0.0,0.625,1,P0_CV0,1,2,0,0,2
1,2540470.832,712452.2021,Age0_F1_m1f1_P1_Y2_UO112,S1_F1_m1f1_P1_Y0_UO172,S1_F1_m1f1_P1_Y0_UO71,FXX,0,85.65990448844903,0,0,0.0,0,0,0,0.0,0.625,1,P0_CV0,1,2,0,0,2
1,2540470.832,712452.2021,Age0_F1_m1f1_P1_Y2_UO113,S1_F1_m1f1_P1_Y0_UO172,S1_F1_m1f1_P1_Y0_UO71,MXY,0,85.65990448844903,0,0,0.0,0,0,0,0.0,0.625,1,P0_CV0,1,2,0,0,2
1,2540470.832,712452.2021,Age0_F1_m1f1_P1_Y2_UO114,S1_F1_m1f1_P1_Y0_UO172,S1_F1_m1f1_P1_Y0_UO71,MXY,0,85.65990448844903,0,0,0.0,0,0,0,0.0,0.625,1,P0_CV0,1,2,0,1,1
1,2540470.832,712452.2021,Age0_F1_m1f1_P1_Y2_UO115,S1_F1_m1f1_P1_Y0_UO475,S1_F1_m1f1_P1_Y0_UO495,MXY,0,85.65990448844903,0,0,0.0,0,0,0,0.0,0.625,1,P0_CV0,1,2,0,2,0
1,2540470.832,712452.2021,Age0_F1_m1f1_P1_Y2_UO116,S1_F1_m1f1_P1_Y0_UO475,S1_F1_m1f1_P1_Y0_UO495,FXX,0,85.65990448844903,0,0,0.0,0,0,0,0.0,0.625,1,P0_CV0,1,2,0,0,2
1,2540470.832,712452.2021,Age0_F1_m1f1_P1_Y2_UO117,S1_F1_m1f1_P1_Y0_UO475,S1_F1_m1f1_P1_Y0_UO495,MXY,0,85.65990448844903,0,0,0.0,0,0,0,0.0,0.625,1,P0_CV0,1,1,1,1,1
1,2540470.832,712452.2021,Age0_F1_m1f1_P1_Y2_UO118,S1_F1_m1f1_P1_Y0_UO475,S1_F1_m1f1_P1_Y0_UO495,FXX,0,85.65990448844903,0,0,0.0,0,0,0,0.0,0.625,1,P0_CV0,1,2,0,0,2
1,2540470.832,712452.2021,Age0_F1_m1f1_P1_Y2_UO119,S1_F1_m1f1_P1_Y0_UO475,S1_F1_m1f1_P1_Y0_UO495,MXY,0,85.65990448844903,0,0,0.0,0,0,0,0.0,0.625,1,P0_CV0,1,0,2,0,2
1,2540470.832,712452.2021,Age0_F1_m1f1_P1_Y2_UO120,S1_F1_m1f1_P1_Y0_UO475,S1_F1_m1f1_P1_Y0_UO495,FXX,0,85.65990448844903,0,0,0.0,0,0,0,0.0,0.625,1,P0_CV0,1,1,1,0,2
1,2540470.832,712452.2021,Age0_F1_m1f1_P1_Y2_UO121,S1_F1_m1f1_P1_Y0_UO475,S1_F1_m1f1_P1_Y0_UO495,MXY,0,85.65990448844903,0,0,0.0,0,0,0,0.0,0.625,1,P0_CV0,1,2,0,0,2
1,2540470.832,712452.2021,Age0_F1_m1f1_P1_Y2_UO122,S1_F1_m1f1_P1_Y0_UO264,S1_F1_m-1f-1_P1_Y-1_U185,FXX,0,85.65990448844903,0,0,0.0,0,0,0,0.0,0.125,1,P0_CV0,1,0,2,1,1
1,2540470.832,712452.2021,Age0_F1_m1f1_P1_Y2_UO123,S1_F1_m1f1_P1_Y0_UO264,S1_F1_m-1f-1_P1_Y-1_U185,FXX,0,85.65990448844903,0,0,0.0,0,0,0,0.0,0.125,1,P0_CV0,1,0,2,2,0
1,2540470.832,712452.2021,Age0_F1_m1f1_P1_Y2_UO124,S1_F1_m1f1_P1_Y0_UO264,S1_F1_m-1f-1_P1_Y-1_U185,FXX,0,85.65990448844903,0,0,0.0,0,0,0,0.0,0.125,1,P0_CV0,1,0,2,2,0
1,2540470.832,712452.2021,Age0_F1_m1f1_P1_Y2_UO125,S1_F1_m1f1_P1_Y0_UO264,S1_F1_m-1f-1_P1_Y-1_U185,FXX,0,85.65990448844903,0,0,0.0,0,0,0,0.0,0.125,1,P0_CV0,1,0,2,1,1
1,2540470.832,712452.2021,Age0_F1_m1f1_P1_Y2_UO126,S1_F1_m1f1_P1_Y0_UO264,S1_F1_m-1f-1_P1_Y-1_U185,FXX,0,85.65990448844903,0,0,0.0,0,0,0,0.0,0.125,1,P0_CV0,1,0,2,2,0
1,2540470.832,712452.2021,Age0_F1_m1f1_P1_Y2_UO127,S1_F1_m1f1_P1_Y0_UO264,S1_F1_m-1f-1_P1_Y-1_U185,MXY,0,85.65990448844903,0,0,0.0,0,0,0,0.0,0.125,1,P0_CV0,1,0,2,2,0
1,2540470.832,712452.2021,Age0_F1_m1f1_P1_Y2_UO128,S1_F1_m1f1_P1_Y0_UO145,S1_F1_m1f1_P1_Y0_UO293,MXY,0,85.65990448844903,0,0,0.0,0,0,0,0.0,0.375,1,P0_CV0,1,2,0,0,2
1,2540470.832,712452.2021,Age0_F1_m1f1_P1_Y2_UO129,S1_F1_m1f1_P1_Y0_UO145,S1_F1_m1f1_P1_Y0_UO293,MXY,0,85.65990448844903,0,0,0.0,0,0,0,0.0,0.375,1,P0_CV0,1,1,1,0,2
1,2540470.832,712452.2021,Age0_F1_m1f1_P1_Y2_UO130,S1_F1_m1f1_P1_Y0_UO145,S1_F1_m1f1_P1_Y0_UO293,FXX,0,85.65990448844903,0,0,0.0,0,0,0,0.0,0.375,1,P0_CV0,1,1,1,0,2
1,2540470.832,712452.2021,Age0_F1_m1f1_P1_Y2_UO131,S1_F1_m1f1_P1_Y0_UO145,S1_F1_m1f1_P1_Y0_UO293,FXX,0,85.65990448844903,0,0,0.0,0,0,0,0.0,0.375,1,P0_CV0,1,1,1,0,2
1,2540470.832,712452.2021,Age0_F1_m1f1_P1_Y2_UO132,S1_F1_m1f1_P1_Y0_UO145,S1_F1_m1f1_P1_Y0_UO293,MXY,0,85.65990448844903,0,0,0.0,0,0,0,0.0,0.375,1,P0_CV0,1,1,1,1,1
1,2540470.832,712452.2021,Age0_F1_m1f1_P1_Y2_UO133,S1_F1_m1f1_P1_Y0_UO145,S1_F1_m1f1_P1_Y0_UO293,MXY,0,85.65990448844903,0,0,0.0,0,0,0,0.0,0.375,1,P0_CV0,1,1,1,1,1
1,2540470.832,712452.2021,Age0_F1_m1f1_P1_Y2_UO134,S1_F1_m1f1_P1_Y0_UO145,S1_F1_m1f1_P1_Y0_UO293,MXY,0,85.65990448844903,0,0,0.0,0,0,0,0.0,0.375,1,P0_CV0,1,2,0,1,1
1,2540470.832,712452.2021,Age0_F1_m1f1_P1_Y2_UO135,S1_F1_m1f1_P1_Y0_UO163,S1_F1_m1f1_P1_Y0_UO397,FXX,0,85.65990448844903,0,0,0.0,0,0,0,0.0,0.375,1,P0_CV0,1,1,1,2,0
1,2540470.832,712452.2021,Age0_F1_m1f1_P1_Y2_UO136,S1_F1_m1f1_P1_Y0_UO163,S1_F1_m1f1_P1_Y0_UO397,MXY,0,85.65990448844903,0,0,0.0,0,0,0,0.0,0.375,1,P0_CV0,1,2,0,1,1
1,2540470.832,712452.2021,Age0_F1_m1f1_P1_Y2_UO137,S1_F1_m1f1_P1_Y0_UO163,S1_F1_m1f1_P1_Y0_UO397,MXY,0,85.65990448844903,0,0,0.0,0,0,0,0.0,0.375,1,P0_CV0,1,2,0,2,0
1,2540470.832,712452.2021,Age0_F1_m1f1_P1_Y2_UO138,S1_F1_m1f1_P1_Y0_UO163,S1_F1_m1f1_P1_Y0_UO397,MXY,0,85.65990448844903,0,0,0.0,0,0,0,0.0,0.375,1,P0_CV0,1,1,1,1,1
1,2540470.832,712452.2021,Age0_F1_m1f1_P1_Y2_UO139,S1_F1_m1f1_P1_Y0_UO163,S1_F1_m1f1_P1_Y0_UO397,MXY,0,85.65990448844903,0,0,0.0,0,0,0,0.0,0.375,1,P0_CV0,1,0,2,2,0
1,2540470.832,712452.2021,Age0_F1_m1f1_P1_Y2_UO140,S1_F1_m1f1_P1_Y0_UO79,S1_F1_m1f1_P1_Y0_UO293,MXY,0,85.65990448844903,0,0,0.0,0,0,0,0.0,0.5,1,P0_CV0,1,2,0,0,2
1,2540470.832,712452.2021,Age0_F1_m1f1_P1_Y2_UO141,S1_F1_m1f1_P1_Y0_UO79,S1_F1_m1f1_P1_Y0_UO293,FXX,0,85.65990448844903,0,0,0.0,0,0,0,0.0,0.5,1,P0_CV0,1,2,0,1,1
1,2540470.832,712452.2021,Age0_F1_m1f1_P1_Y2_UO142,S1_F1_m1f1_P1_Y0_UO409,S1_F1_m1f1_P1_Y0_UO603,FXX,0,85.65990448844903,0,0,0.0,0,0,0,0.0,0.75,1,P0_CV0,1,1,1,2,0
1,2540470.832,712452.2021,Age0_F1_m1f1_P1_Y2_UO143,S1_F1_m1f1_P1_Y0_UO409,S1_F1_m1f1_P1_Y0_UO603,FXX,0,85.65990448844903,0,0,0.0,0,0,0,0.0,0.75,1,P0_CV0,1,1,1,2,0
1,2540470.832,712452.2021,Age0_F1_m1f1_P1_Y2_UO144,S1_F1_m1f1_P1_Y0_UO409,S1_F1_m1f1_P1_Y0_UO603,MXY,0,85.65990448844903,0,0,0.0,0,0,0,0.0,0.75,1,P0_CV0,1,1,1,2,0
1,2540470.832,712452.2021,Age0_F1_m1f1_P1_Y2_UO145,S1_F1_m1f1_P1_Y0_UO409,S1_F1_m1f1_P1_Y0_UO603,FXX,0,85.65990448844903,0,0,0.0,0,0,0,0.0,0.75,1,P0_CV0,1,2,0,1,1
1,2540470.832,712452.2021,Age0_F1_m1f1_P1_Y2_UO146,S1_F1_m1f1_P1_Y0_UO409,S1_F1_m1f1_P1_Y0_UO603,FXX,0,85.65990448844903,0,0,0.0,0,0,0,0.0,0.75,1,P0_CV0,1,1,1,1,1
1,2540470.832,712452.2021,Age0_F1_m1f1_P1_Y2_UO147,S1_F1_m1f1_P1_Y0_UO409,S1_F1_m1f1_P1_Y0_UO603,MXY,0,85.65990448844903,0,0,0.0,0,0,0,0.0,0.75,1,P0_CV0,1,2,0,1,1
1,2540470.832,712452.2021,Age0_F1_m1f1_P1_Y2_UO148,S1_F1_m1f1_P1_Y0_UO409,S1_F1_m1f1_P1_Y0_UO603,MXY,0,85.65990448844903,0,0,0.0,0,0,0,0.0,0.75,1,P0_CV0,1,1,1,1,1
1,2540470.832,712452.2021,Age0_F1_m1f1_P1_Y2_UO149,S1_F1_m1f1_P1_Y0_UO409,S1_F1_m1f1_P1_Y0_UO603,MXY,0,85.65990448844903,0,0,0.0,0,0,0,0.0,0.75,1,P0_CV0,1,1,1,1,1
1,2540470.832,712452.2021,Age0_F1_m1f1_P1_Y2_UO150,S1_F1_m1f1_P1_Y0_UO409,S1_F1_m1f1_P1_Y0_UO603,MXY,0,85.65990448844903,0,0,0.0,0,0,0,0.0,0.75,1,P0_CV0,1,1,1,1,1
1,2540470.832,712452.2021,Age0_F1_m1f1_P1_Y2_UO151,S1_F1_m1f1_P1_Y0_UO409,S1_F1_m1f1_P1_Y0_UO603,MXY,0,85.65990448844903,0,0,0.0,0,0,0,0.0,0.75,1,P0_CV0,1,2,0,2,0
1,2540470.832,712452.2021,Age0_F1_m1f1_P1_Y2_UO152,S1_F1_m1f1_P1_Y0_UO405,S1_F1_m1f1_P1_Y0_UO119,MXY,0,85.65990448844903,0,0,0.0,0,0,0,0.0,0.375,1,P0_CV0,1,1,1,2,0
1,2540470.832,712452.2021,Age0_F1_m1f1_P1_Y2_UO153,S1_F1_m1f1_P1_Y0_UO405,S1_F1_m1f1_P1_Y0_UO119,FXX,0,85.65990448844903,0,0,0.0,0,0,0,0.0,0.375,1,P0_CV0,1,1,1,0,2
1,2540470.832,712452.2021,Age0_F1_m1f1_P1_Y2_UO154,S1_F1_m1f1_P1_Y0_UO405,S1_F1_m1f1_P1_Y0_UO119,MXY,0,85.65990448844903,0,0,0.0,0,0,0,0.0,0.375,1,P0_CV0,1,1,1,1,1
1,2540470.832,712452.2021,Age0_F1_m1f1_P1_Y2_UO155,S1_F1_m1f1_P1_Y0_UO405,S1_F1_m1f1_P1_Y0_UO119,FXX,0,85.65990448844903,0,0,0.0,0,0,0,0.0,0.375,1,P0_CV0,1,0,2,2,0
1,2540470.832,712452.2021,Age0_F1_m1f1_P1_Y2_UO156,S1_F1_m1f1_P1_Y0_UO405,S1_F1_m1f1_P1_Y0_UO119,FXX,0,85.65990448844903,0,0,0.0,0,0,0,0.0,0.375,1,P0_CV0,1,0,2,0,2
1,2540470.832,712452.2021,Age0_F1_m1f1_P1_Y2_UO157,S1_F1_m1f1_P1_Y0_UO405,S1_F1_m1f1_P1_Y0_UO119,MXY,0,85.65990448844903,0,0,0.0,0,0,0,0.0,0.375,1,P0_CV0,1,0,2,2,0
1,2540470.832,712452.2021,Age0_F1_m1f1_P1_Y2_UO158,S1_F1_m1f1_P1_Y0_UO405,S1_F1_m1f1_P1_Y0_UO119,MXY,0,85.65990448844903,0,0,0.0,0,0,0,0.0,0.375,1,P0_CV0,1,0,2,1,1
1,2540470.832,712452.2021,Age0_F1_m1f1_P1_Y2_UO159,S1_F1_m1f1_P1_Y0_UO408,S1_F1_m1f1_P1_Y0_UO170,FXX,0,85.65990448844903,0,0,0.0,0,0,0,0.0,0.75,1,P0_CV0,1,2,0,1,1
1,2540470.832,712452.2021,Age0_F1_m1f1_P1_Y2_UO160,S1_F1_m1f1_P1_Y0_UO408,S1_F1_m1f1_P1_Y0_UO170,FXX,0,85.65990448844903,0,0,0.0,0,0,0,0.0,0.75,1,P0_CV0,1,2,0,1,1
1,2540470.832,712452.2021,Age0_F1_m1f1_P1_Y2_UO161,S1_F1_m1f1_P1_Y0_UO408,S1_F1_m1f1_P1_Y0_UO170,MXY,0,85.65990448844903,0,0,0.0,0,0,0,0.0,0.75,1,P0_CV0,1,2,0,1,1
1,2540470.832,712452.2021,Age0_F1_m1f1_P1_Y2_UO162,S1_F1_m1f1_P1_Y0_UO408,S1_F1_m1f1_P1_Y0_UO170,FXX,0,85.65990448844903,0,0,0.0,0,0,0,0.0,0.75,1,P0_CV0,1,2,0,2,0
1,2540470.832,712452.2021,Age0_F1_m1f1_P1_Y2_UO163,S1_F1_m1f1_P1_Y0_UO287,S1_F1_m1f1_P1_Y0_UO372,FXX,0,85.65990448844903,0,0,0.0,0,0,0,0.0,0.625,1,P0_CV0,1,1,1,1,1
1,2540470.832,712452.2021,Age0_F1_m1f1_P1_Y2_UO164,S1_F1_m1f1_P1_Y0_UO287,S1_F1_m1f1_P1_Y0_UO372,FXX,0,85.65990448844903,0,0,0.0,0,0,0,0.0,0.625,1,P0_CV0,1,2,0,2,0
1,2540470.832,712452.2021,Age0_F1_m1f1_P1_Y2_UO165,S1_F1_m1f1_P1_Y0_UO287,S1_F1_m1f1_P1_Y0_UO372,FXX,0,85.65990448844903,0,0,0.0,0,0,0,0.0,0.625,1,P0_CV0,1,1,1,1,1
1,2540470.832,712452.2021,Age0_F1_m1f1_P1_Y2_UO166,S1_F1_m1f1_P1_Y0_UO287,S1_F1_m1f1_P1_Y0_UO372,MXY,0,85.65990448844903,0,0,0.0,0,0,0,0.0,0.625,1,P0_CV0,1,2,0,1,1
1,2540470.832,712452.2021,Age0_F1_m1f1_P1_Y2_UO167,S1_F1_m1f1_P1_Y0_UO176,S1_F1_m1f1_P1_Y0_UO175,FXX,0,85.65990448844903,0,0,0.0,0,0,0,0.0,0.75,1,P0_CV0,1,2,0,1,1
1,2540470.832,712452.2021,Age0_F1_m1f1_P1_Y2_UO168,S1_F1_m1f1_P1_Y0_UO531,S1_F1_m1f1_P1_Y0_UO275,FXX,0,85.65990448844903,0,0,0.0,0,0,0,0.0,0.5,1,P0_CV0,1,1,1,2,0
1,2540470.832,712452.2021,Age0_F1_m1f1_P1_Y2_UO169,S1_F1_m1f1_P1_Y0_UO531,S1_F1_m1f1_P1_Y0_UO275,FXX,0,85.65990448844903,0,0,0.0,0,0,0,0.0,0.5,1,P0_CV0,1,0,2,2,0
1,2540470.832,712452.2021,Age0_F1_m1f1_P1_Y2_UO170,S1_F1_m1f1_P1_Y0_UO531,S1_F1_m1f1_P1_Y0_UO275,MXY,0,85.65990448844903,0,0,0.0,0,0,0,0.0,0.5,1,P0_CV0,1,1,1,1,1
1,2540470.832,712452.2021,Age0_F1_m1f1_P1_Y2_UO171,S1_F1_m1f1_P1_Y0_UO531,S1_F1_m1f1_P1_Y0_UO275,FXX,0,85.65990448844903,0,0,0.0,0,0,0,0.0,0.5,1,P0_CV0,1,2,0,0,2
1,2540470.832,712452.2021,Age0_F1_m1f1_P1_Y2_UO172,S1_F1_m1f1_P1_Y0_UO531,S1_F1_m1f1_P1_Y0_UO275,FXX,0,85.65990448844903,0,0,0.0,0,0,0,0.0,0.5,1,P0_CV0,1,1,1,0,2
1,2540470.832,712452.2021,Age0_F1_m1f1_P1_Y2_UO173,S1_F1_m1f1_P1_Y0_UO531,S1_F1_m1f1_P1_Y0_UO275,FXX,0,85.65990448844903,0,0,0.0,0,0,0,0.0,0.5,1,P0_CV0,1,0,2,1,1
1,2540470.832,712452.2021,Age0_F1_m1f1_P1_Y2_UO174,S1_F1_m1f1_P1_Y0_UO531,S1_F1_m1f1_P1_Y0_UO275,MXY,0,85.65990448844903,0,0,0.0,0,0,0,0.0,0.5,1,P0_CV0,1,1,1,0,2
1,2540470.832,712452.2021,Age0_F1_m1f1_P1_Y2_UO175,S1_F1_m1f1_P1_Y0_UO531,S1_F1_m1f1_P1_Y0_UO275,FXX,0,85.65990448844903,0,0,0.0,0,0,0,0.0,0.5,1,P0_CV0,1,1,1,2,0
1,2540470.832,712452.2021,Age0_F1_m1f1_P1_Y2_UO176,S1_F1_m1f1_P1_Y0_UO531,S1_F1_m1f1_P1_Y0_UO275,MXY,0,85.65990448844903,0,0,0.0,0,0,0,0.0,0.5,1,P0_CV0,1,2,0,1,1
1,2540470.832,712452.2021,Age0_F1_m1f1_P1_Y2_UO177,S1_F1_m1f1_P1_Y0_UO200,S1_F1_m1f1_P1_Y0_UO328,FXX,0,85.65990448844903,0,0,0.0,0,0,0,0.0,0.25,1,P0_CV0,1,1,1,0,2
1,2540470.832,712452.2021,Age0_F1_m1f1_P1_Y2_UO178,S1_F1_m1f1_P1_Y0_UO200,S1_F1_m1f1_P1_Y0_UO328,FXX,0,85.65990448844903,0,0,0.0,0,0,0,0.0,0.25,1,P0_CV0,1,1,1,1,1
1,2540470.832,712452.2021,Age0_F1_m1f1_P1_Y2_UO179,S1_F1_m1f1_P1_Y0_UO200,S1_F1_m1f1_P1_Y0_UO328,MXY,0,85.65990448844903,0,0,0.0,0,0,0,0.0,0.25,1,P0_CV0,1,1,1,1,1
1,2540470.832,712452.2021,Age0_F1_m1f1_P1_Y2_UO180,S1_F1_m1f1_P1_Y0_UO200,S1_F1_m1f1_P1_Y0_UO328,FXX,0,85.65990448844903,0,0,0.0,0,0,0,0.0,0.25,1,P0_CV0,1,1,1,0,2
1,2540470.832,712452.2021,Age0_F1_m1f1_P1_Y2_UO181,S1_F1_m1f1_P1_Y0_UO200,S1_F1_m1f1_P1_Y0_UO328,MXY,0,85.65990448844903,0,0,0.0,0,0,0,0.0,0.25,1,P0_CV0,1,1,1,1,1
1,2540470.832,712452.2021,Age0_F1_m1f1_P1_Y2_UO182,S1_F1_m1f1_P1_Y0_UO200,S1_F1_m1f1_P1_Y0_UO328,FXX,0,85.65990448844903,0,0,0.0,0,0,0,0.0,0.25,1,P0_CV0,1,1,1,1,1
1,2540470.832,712452.2021,Age0_F1_m1f1_P1_Y2_UO183,S1_F1_m1f1_P1_Y0_UO200,S1_F1_m1f1_P1_Y0_UO328,MXY,0,85.65990448844903,0,0,0.0,0,0,0,0.0,0.25,1,P0_CV0,1,1,1,1,1
1,2540470.832,712452.2021,Age0_F1_m1f1_P1_Y2_UO184,S1_F1_m1f1_P1_Y0_UO200,S1_F1_m1f1_P1_Y0_UO328,FXX,0,85.65990448844903,0,0,0.0,0,0,0,0.0,0.25,1,P0_CV0,1,1,1,1,1
1,2540470.832,712452.2021,Age0_F1_m1f1_P1_Y2_UO185,S1_F1_m1f1_P1_Y0_UO200,S1_F1_m1f1_P1_Y0_UO328,FXX,0,85.65990448844903,0,0,0.0,0,0,0,0.0,0.25,1,P0_CV0,1,1,1,2,0
1,2540470.832,712452.2021,Age0_F1_m1f1_P1_Y2_UO186,S1_F1_m1f1_P1_Y0_UO233,S1_F1_m1f1_P1_Y0_UO347,FXX,0,85.65990448844903,0,0,0.0,0,0,0,0.0,0.875,1,P0_CV0,1,2,0,2,0
1,2540470.832,712452.2021,Age0_F1_m1f1_P1_Y2_UO187,S1_F1_m1f1_P1_Y0_UO233,S1_F1_m1f1_P1_Y0_UO347,MXY,0,85.65990448844903,0,0,0.0,0,0,0,0.0,0.875,1,P0_CV0,1,1,1,2,0
1,2540470.832,712452.2021,Age0_F1_m1f1_P1_Y2_UO188,S1_F1_m1f1_P1_Y0_UO308,S1_F1_m1f1_P1_Y0_UO170,MXY,0,85.65990448844903,0,0,0.0,0,0,0,0.0,0.375,1,P0_CV0,1,1,1,0,2
1,2540470.832,712452.2021,Age0_F1_m1f1_P1_Y2_UO189,S1_F1_m1f1_P1_Y0_UO308,S1_F1_m1f1_P1_Y0_UO170,FXX,0,85.65990448844903,0,0,0.0,0,0,0,0.0,0.375,1,P0_CV0,1,1,1,0,2
1,2540470.832,712452.2021,Age0_F1_m1f1_P1_Y2_UO190,S1_F1_m1f1_P1_Y0_UO308,S1_F1_m1f1_P1_Y0_UO170,FXX,0,85.65990448844903,0,0,0.0,0,0,0,0.0,0.375,1,P0_CV0,1,1,1,1,1
1,2540470.832,712452.2021,Age0_F1_m1f1_P1_Y2_UO191,S1_F1_m1f1_P1_Y0_UO352,S1_F1_m1f1_P1_Y0_UO487,FXX,0,85.65990448844903,0,0,0.0,0,0,0,0.0,0.625,1,P0_CV0,1,1,1,1,1
1,2540470.832,712452.2021,Age0_F1_m1f1_P1_Y2_UO192,S1_F1_m1f1_P1_Y0_UO352,S1_F1_m1f1_P1_Y0_UO487,FXX,0,85.65990448844903,0,0,0.0,0,0,0,0.0,0.625,1,P0_CV0,1,1,1,1,1
1,2540470.832,712452.2021,Age0_F1_m1f1_P1_Y2_UO193,S1_F1_m1f1_P1_Y0_UO352,S1_F1_m1f1_P1_Y0_UO487,MXY,0,85.65990448844903,0,0,0.0,0,0,0,0.0,0.625,1,P0_CV0,1,1,1,1,1
1,2540470.832,712452.2021,Age0_F1_m1f1_P1_Y2_UO194,S1_F1_m1f1_P1_Y0_UO352,S1_F1_m1f1_P1_Y0_UO487,MXY,0,85.65990448844903,0,0,0.0,0,0,0,0.0,0.625,1,P0_CV0,1,1,1,1,1
1,2540470.832,712452.2021,Age0_F1_m1f1_P1_Y2_UO195,S1_F1_m1f1_P1_Y0_UO352,S1_F1_m1f1_P1_Y0_UO487,FXX,0,85.65990448844903,0,0,0.0,0,0,0,0.0,0.625,1,P0_CV0,1,1,1,1,1
1,2540470.832,712452.2021,Age0_F1_m1f1_P1_Y2_UO196,S1_F1_m1f1_P1_Y0_UO497,S1_F1_m1f1_P1_Y0_UO293,FXX,0,85.65990448844903,0,0,0.0,0,0,0,0.0,0.375,1,P0_CV0,1,1,1,1,1
1,2540470.832,712452.2021,Age0_F1_m1f1_P1_Y2_UO197,S1_F1_m1f1_P1_Y0_UO497,S1_F1_m1f1_P1_Y0_UO293,FXX,0,85.65990448844903,0,0,0.0,0,0,0,0.0,0.375,1,P0_CV0,1,1,1,2,0
1,2540470.832,712452.2021,Age0_F1_m1f1_P1_Y2_UO198,S1_F1_m1f1_P1_Y0_UO497,S1_F1_m1f1_P1_Y0_UO293,FXX,0,85.65990448844903,0,0,0.0,0,0,0,0.0,0.375,1,P0_CV0,1,0,2,1,1
1,2540470.832,712452.2021,Age0_F1_m1f1_P1_Y2_UO199,S1_F1_m1f1_P1_Y0_UO479,S1_F1_m1f1_P1_Y0_UO372,FXX,0,85.65990448844903,0,0,0.0,0,0,0,0.0,0.75,1,P0_CV0,1,2,0,1,1
1,2540470.832,712452.2021,Age0_F1_m1f1_P1_Y2_UO200,S1_F1_m1f1_P1_Y0_UO479,S1_F1_m1f1_P1_Y0_UO372,MXY,0,85.65990448844903,0,0,0.0,0,0,0,0.0,0.75,1,P0_CV0,1,1,1,1,1
1,2540470.832,712452.2021,Age0_F1_m1f1_P1_Y2_UO201,S1_F1_m1f1_P1_Y0_UO479,S1_F1_m1f1_P1_Y0_UO372,FXX,0,85.65990448844903,0,0,0.0,0,0,0,0.0,0.75,1,P0_CV0,1,1,1,1,1
1,2540470.832,712452.2021,Age0_F1_m1f1_P1_Y2_UO202,S1_F1_m1f1_P1_Y0_UO479,S1_F1_m1f1_P1_Y0_UO372,MXY,0,85.65990448844903,0,0,0.0,0,0,0,0.0,0.75,1,P0_CV0,1,2,0,1,1
1,2540470.832,712452.2021,Age0_F1_m1f1_P1_Y2_UO203,S1_F1_m1f1_P1_Y0_UO479,S1_F1_m1f1_P1_Y0_UO372,MXY,0,85.65990448844903,0,0,0.0,0,0,0,0.0,0.75,1,P0_CV0,1,1,1,1,1
1,2540470.832,712452.2021,Age0_F1_m1f1_P1_Y2_UO204,S1_F1_m1f1_P1_Y0_UO479,S1_F1_m1f1_P1_Y0_UO372,MXY,0,85.65990448844903,0,0,0.0,0,0,0,0.0,0.75,1,P0_CV0,1,1,1,1,1
1,2540470.832,712452.2021,Age0_F1_m1f1_P1_Y2_UO205,S1_F1_m1f1_P1_Y0_UO479,S1_F1_m1f1_P1_Y0_UO372,MXY,0,85.65990448844903,0,0,0.0,0,0,0,0.0,0.75,1,P0_CV0,1,2,0,1,1
1,2540470.832,712452.2021,Age0_F1_m1f1_P1_Y2_UO206,S1_F1_m1f1_P1_Y0_UO479,S1_F1_m1f1_P1_Y0_UO372,FXX,0,85.65990448844903,0,0,0.0,0,0,0,0.0,0.75,1,P0_CV0,1,1,1,1,1
1,2540470.832,712452.2021,Age0_F1_m1f1_P1_Y2_UO207,S1_F1_m1f1_P1_Y0_UO479,S1_F1_m1f1_P1_Y0_UO372,FXX,0,85.65990448844903,0,0,0.0,0,0,0,0.0,0.75,1,P0_CV0,1,2,0,1,1
1,2540470.832,712452.2021,Age0_F1_m1f1_P1_Y2_UO208,S1_F1_m1f1_P1_Y0_UO479,S1_F1_m1f1_P1_Y0_UO372,FXX,0,85.65990448844903,0,0,0.0,0,0,0,0.0,0.75,1,P0_CV0,1,1,1,1,1
1,2540470.832,712452.2021,Age0_F1_m1f1_P1_Y2_UO209,S1_F1_m-1f-1_P1_Y-1_U40,S1_F1_m1f1_P1_Y0_UO602,MXY,0,85.65990448844903,0,0,0.0,0,0,0,0.0,0.625,1,P0_CV0,1,0,2,2,0
1,2540470.832,712452.2021,Age0_F1_m1f1_P1_Y2_UO210,S1_F1_m-1f-1_P1_Y-1_U40,S1_F1_m1f1_P1_Y0_UO602,MXY,0,85.65990448844903,0,0,0.0,0,0,0,0.0,0.625,1,P0_CV0,1,1,1,2,0
1,2540470.832,712452.2021,Age0_F1_m1f1_P1_Y2_UO211,S1_F1_m-1f-1_P1_Y-1_U40,S1_F1_m1f1_P1_Y0_UO602,MXY,0,85.65990448844903,0,0,0.0,0,0,0,0.0,0.625,1,P0_CV0,1,1,1,2,0
1,2540470.832,712452.2021,Age0_F1_m1f1_P1_Y2_UO212,S1_F1_m-1f-1_P1_Y-1_U40,S1_F1_m1f1_P1_Y0_UO602,MXY,0,85.65990448844903,0,0,0.0,0,0,0,0.0,0.625,1,P0_CV0,1,2,0,2,0
1,2540470.832,712452.2021,Age0_F1_m1f1_P1_Y2_UO213,S1_F1_m-1f-1_P1_Y-1_U40,S1_F1_m1f1_P1_Y0_UO602,MXY,0,85.65990448844903,0,0,0.0,0,0,0,0.0,0.625,1,P0_CV0,1,1,1,2,0
1,2540470.832,712452.2021,Age0_F1_m1f1_P1_Y2_UO214,S1_F1_m-1f-1_P1_Y-1_U40,S1_F1_m1f1_P1_Y0_UO602,MXY,0,85.65990448844903,0,0,0.0,0,0,0,0.0,0.625,1,P0_CV0,1,1,1,2,0
3,2532969.44,705413.5711,E3_F3_m3f3_P3_Y1_UO382,S3_F3_m-1f-1_P3_Y-1_U142,S3_F3_m-1f-1_P3_Y-1_U57,MXY,1,112.54147248231223,1,1,0.0,0,0,0,-9999.0,0.5,1,P2_CV0,2,1,1,0,2
3,2532969.44,705413.5711,E3_F3_m3f3_P3_Y1_UO217,S3_F3_m-1f-1_P3_Y-1_U108,S3_F3_m-1f-1_P3_Y-1_U67,FXX,1,112.54147248231223,1,1,1.0,0,0,0,-9999.0,0.25,1,P2_CV0,2,0,2,0,2
3,2532969.44,705413.5711,E3_F3_m3f3_P3_Y1_UO241,S3_F3_m-1f-1_P3_Y-1_U110,S3_F3_m-1f-1_P3_Y-1_U163,FXX,1,112.54147248231223,1,1,1.0,0,0,0,-9999.0,0.5,1,P2_CV0,2,0,2,1,1
3,2532969.44,705413.5711,E3_F3_m3f3_P3_Y1_UO316,S3_F3_m-1f-1_P3_Y-1_U175,S3_F3_m-1f-1_P3_Y-1_U140,FXX,1,112.54147248231223,1,1,1.0,0,0,0,-9999.0,0.25,1,P2_CV0,2,0,2,1,1
3,2532969.44,705413.5711,E3_F3_m3f3_P3_Y1_UO292,S3_F3_m-1f-1_P3_Y-1_U84,S3_F3_m-1f-1_P3_Y-1_U30,FXX,1,112.54147248231223,1,1,1.0,0,0,0,-9999.0,0.5,1,P2_CV0,2,0,2,0,2
3,2532969.44,705413.5711,E3_F3_m3f3_P3_Y1_UO268,S3_F3_m-1f-1_P3_Y-1_U54,S3_F3_m-1f-1_P3_Y-1_U198,FXX,1,112.54147248231223,1,1,1.0,0,0,0,-9999.0,0.5,1,P2_CV0,2,1,1,0,2
3,2532969.44,705413.5711,E3_F3_m3f3_P3_Y1_UO355,S3_F3_m-1f-1_P3_Y-1_U180,S3_F3_m-1f-1_P3_Y-1_U78,FXX,1,112.54147248231223,1,1,1.0,0,0,0,-9999.0,1.0,1,P2_CV0,2,2,0,1,1
3,2532969.44,705413.5711,E3_F3_m3f3_P3_Y1_UO288,S3_F3_m-1f-1_P3_Y-1_U28,S3_F3_m-1f-1_P3_Y-1_U40,MXY,1,112.54147248231223,1,1,0.0,0,0,0,-9999.0,0.5,1,P2_CV0,2,1,1,1,1
3,2532969.44,705413.5711,E3_F3_m3f3_P3_Y1_UO194,S3_F3_m-1f-1_P3_Y-1_U90,S3_F3_m-1f-1_P3_Y-1_U10,MXY,1,112.54147248231223,1,1,0.0,0,0,0,-9999.0,0.25,1,P2_CV0,2,1,1,2,0
3,2532969.44,705413.5711,E3_F3_m3f3_P3_Y1_UO232,S3_F3_m-1f-1_P3_Y-1_U135,S3_F3_m-1f-1_P3_Y-1_U72,FXX,1,112.54147248231223,1,1,1.0,0,0,0,-9999.0,0.25,1,P2_CV0,2,1,1,1,1
3,2532969.44,705413.5711,E3_F3_m3f3_P3_Y1_UO322,S3_F3_m-1f-1_P3_Y-1_U175,S3_F3_m-1f-1_P3_Y-1_U140,FXX,1,112.54147248231223,1,1,1.0,0,0,0,-9999.0,0.25,1,P2_CV0,2,0,2,1,1
3,2532969.44,705413.5711,E3_F3_m3f3_P3_Y1_UO199,S3_F3_m-1f-1_P3_Y-1_U156,S3_F3_m-1f-1_P3_Y-1_U176,FXX,1,112.54147248231223,1,1,1.0,0,0,0,-9999.0,0.5,1,P2_CV0,2,2,0,1,1
3,2532969.44,705413.5711,E3_F3_m3f3_P3_Y1_UO291,S3_F3_m-1f-1_P3_Y-1_U84,S3_F3_m-1f-1_P3_Y-1_U30,MXY,1,112.54147248231223,1,1,0.0,0,0,0,-9999.0,0.5,1,P2_CV0,2,2,0,0,2
3,2532969.44,705413.5711,E3_F3_m3f3_P3_Y1_UO319,S3_F3_m-1f-1_P3_Y-1_U175,S3_F3_m-1f-1_P3_Y-1_U140,MXY,1,112.54147248231223,1,1,0.0,0,0,0,-9999.0,0.25,1,P2_CV0,2,0,2,2,0
3,2532969.44,705413.5711,E3_F3_m3f3_P3_Y1_UO370,S3_F3_m-1f-1_P3_Y-1_U123,S3_F3_m-1f-1_P3_Y-1_U194,FXX,1,112.54147248231223,1,1,1.0,0,0,0,-9999.0,0.25,1,P2_CV0,2,1,1,0,2
3,2532969.44,705413.5711,E3_F3_m3f3_P3_Y1_UO229,S3_F3_m-1f-1_P3_Y-1_U135,S3_F3_m-1f-1_P3_Y-1_U72,MXY,1,112.54147248231223,1,1,0.0,0,0,0,-9999.0,0.25,1,P2_CV0,2,1,1,2,0
3,2532969.44,705413.5711,E3_F3_m3f3_P3_Y1_UO250,S3_F3_m-1f-1_P3_Y-1_U11,S3_F3_m-1f-1_P3_Y-1_U2,FXX,1,112.54147248231223,1,1,1.0,0,0,0,-9999.0,0.5,1,P2_CV0,2,0,2,1,1
3,2532969.44,705413.5711,E3_F3_m3f3_P3_Y1_UO378,S3_F3_m-1f-1_P3_Y-1_U142,S3_F3_m-1f-1_P3_Y-1_U57,MXY,1,112.54147248231223,1,1,0.0,0,0,0,-9999.0,0.5,1,P2_CV0,2,2,0,1,1
3,2532969.44,705413.5711,E3_F3_m3f3_P3_Y1_UO206,S3_F3_m-1f-1_P3_Y-1_U102,S3_F3_m-1f-1_P3_Y-1_U137,FXX,1,112.54147248231223,1,1,1.0,0,0,0,-9999.0,0.25,1,P2_CV0,2,1,1,1,1
3,2532969.44,705413.5711,E3_F3_m3f3_P3_Y1_UO273,S3_F3_m-1f-1_P3_Y-1_U54,S3_F3_m-1f-1_P3_Y-1_U198,MXY,1,112.54147248231223,1,1,0.0,0,0,0,-9999.0,0.5,1,P2_CV0,2,1,1,1,1
3,2532969.44,705413.5711,E3_F3_m3f3_P3_Y1_UO281,S3_F3_m-1f-1_P3_Y-1_U28,S3_F3_m-1f-1_P3_Y-1_U40,MXY,1,112.54147248231223,1,1,0.0,0,0,0,-9999.0,0.5,1,P2_CV0,2,1,1,0,2
3,2532969.44,705413.5711,E3_F3_m3f3_P3_Y1_UO339,S3_F3_m-1f-1_P3_Y-1_U81,S3_F3_m-1f-1_P3_Y-1_U139,MXY,1,112.54147248231223,1,1,0.0,0,0,0,-9999.0,0.5,1,P2_CV0,2,1,1,1,1
3,2532969.44,705413.5711,E3_F3_m3f3_P3_Y1_UO338,S3_F3_m-1f-1_P3_Y-1_U81,S3_F3_m-1f-1_P3_Y-1_U139,FXX,1,112.54147248231223,1,1,1.0,0,0,0,-9999.0,0.5,1,P2_CV0,2,1,1,1,1
3,2532969.44,705413.5711,E3_F3_m3f3_P3_Y1_UO251,S3_F3_m-1f-1_P3_Y-1_U11,S3_F3_m-1f-1_P3_Y-1_U2,FXX,1,112.54147248231223,1,1,1.0,0,0,0,-9999.0,0.5,1,P2_CV0,2,1,1,1,1
3,2532969.44,705413.5711,E3_F3_m3f3_P3_Y1_UO284,S3_F3_m-1f-1_P3_Y-1_U28,S3_F3_m-1f-1_P3_Y-1_U40,FXX,1,112.54147248231223,1,1,1.0,0,0,0,-9999.0,0.5,1,P2_CV0,2,1,1,1,1
3,2532969.44,705413.5711,E3_F3_m3f3_P3_Y1_UO261,S3_F3_m-1f-1_P3_Y-1_U54,S3_F3_m-1f-1_P3_Y-1_U198,MXY,1,112.54147248231223,1,1,0.0,0,0,0,-9999.0,0.5,1,P2_CV0,2,1,1,1,1
3,2532969.44,705413.5711,E3_F3_m3f3_P3_Y1_UO308,S3_F3_m-1f-1_P3_Y-1_U98,S3_F3_m-1f-1_P3_Y-1_U193,MXY,1,112.54147248231223,1,1,0.0,0,0,0,-9999.0,0.5,1,P2_CV0,2,0,2,2,0
3,2532969.44,705413.5711,E3_F3_m3f3_P3_Y1_UO327,S3_F3_m-1f-1_P3_Y-1_U31,S3_F3_m-1f-1_P3_Y-1_U192,MXY,1,112.54147248231223,1,1,0.0,0,0,0,-9999.0,0.5,1,P2_CV0,2,1,1,1,1
3,2532969.44,705413.5711,E3_F3_m3f3_P3_Y1_UO353,S3_F3_m-1f-1_P3_Y-1_U180,S3_F3_m-1f-1_P3_Y-1_U78,FXX,1,112.54147248231223,1,1,1.0,0,0,0,-9999.0,1.0,1,P2_CV0,2,2,0,2,0
3,2532969.44,705413.5711,E3_F3_m3f3_P3_Y1_UO212,S3_F3_m-1f-1_P3_Y-1_U60,S3_F3_m-1f-1_P3_Y-1_U194,MXY,1,112.54147248231223,1,1,0.0,0,0,0,-9999.0,0.5,1,P2_CV0,2,1,1,1,1
3,2532969.44,705413.5711,E3_F3_m3f3_P3_Y1_UO276,S3_F3_m-1f-1_P3_Y-1_U54,S3_F3_m-1f-1_P3_Y-1_U198,FXX,1,112.54147248231223,1,1,1.0,0,0,0,-9999.0,0.5,1,P2_CV0,2,1,1,0,2
3,2532969.44,705413.5711,E3_F3_m3f3_P3_Y1_UO256,S3_F3_m-1f-1_P3_Y-1_U11,S3_F3_m-1f-1_P3_Y-1_U2,FXX,1,112.54147248231223,1,1,1.0,0,0,0,-9999.0,0.5,1,P2_CV0,2,1,1,1,1
3,2532969.44,705413.5711,E3_F3_m3f3_P3_Y1_UO280,S3_F3_m-1f-1_P3_Y-1_U28,S3_F3_m-1f-1_P3_Y-1_U40,FXX,1,112.54147248231223,1,1,1.0,0,0,0,-9999.0,0.5,1,P2_CV0,2,1,1,1,1
3,2532969.44,705413.5711,E3_F3_m3f3_P3_Y1_UO226,S3_F3_m-1f-1_P3_Y-1_U135,S3_F3_m-1f-1_P3_Y-1_U72,MXY,1,112.54147248231223,1,1,0.0,0,0,0,-9999.0,0.25,1,P2_CV0,2,0,2,2,0
3,2532969.44,705413.5711,E3_F3_m3f3_P3_Y1_UO249,S3_F3_m-1f-1_P3_Y-1_U11,S3_F3_m-1f-1_P3_Y-1_U2,MXY,1,112.54147248231223,1,1,0.0,0,0,0,-9999.0,0.5,1,P2_CV0,2,1,1,1,1
3,2532969.44,705413.5711,E3_F3_m3f3_P3_Y1_UO326,S3_F3_m-1f-1_P3_Y-1_U31,S3_F3_m-1f-1_P3_Y-1_U192,FXX,1,112.54147248231223,1,1,1.0,0,0,0,-9999.0,0.5,1,P2_CV0,2,1,1,2,0
3,2532969.44,705413.5711,E3_F3_m3f3_P3_Y1_UO373,S3_F3_m-1f-1_P3_Y-1_U123,S3_F3_m-1f-1_P3_Y-1_U194,MXY,1,112.54147248231223,1,1,0.0,0,0,0,-9999.0,0.25,1,P2_CV0,2,1,1,2,0
3,2532969.44,705413.5711,E3_F3_m3f3_P3_Y1_UO299,S3_F3_m-1f-1_P3_Y-1_U98,S3_F3_m-1f-1_P3_Y-1_U193,FXX,1,112.54147248231223,1,1,1.0,0,0,0,-9999.0,0.5,1,P2_CV0,2,2,0,2,0
3,2532969.44,705413.5711,E3_F3_m3f3_P3_Y1_UO257,S3_F3_m-1f-1_P3_Y-1_U11,S3_F3_m-1f-1_P3_Y-1_U2,MXY,1,112.54147248231223,1,1,0.0,0,0,0,-9999.0,0.5,1,P2_CV0,2,1,1,1,1
3,2532969.44,705413.5711,E3_F3_m3f3_P3_Y1_UO254,S3_F3_m-1f-1_P3_Y-1_U11,S3_F3_m-1f-1_P3_Y-1_U2,MXY,1,112.54147248231223,1,1,0.0,0,0,0,-9999.0,0.5,1,P2_CV0,2,2,0,1,1
3,2532969.44,705413.5711,E3_F3_m3f3_P3_Y1_UO196,S3_F3_m-1f-1_P3_Y-1_U90,S3_F3_m-1f-1_P3_Y-1_U10,FXX,1,112.54147248231223,1,1,1.0,0,0,0,-9999.0,0.25,1,P2_CV0,2,0,2,2,0
3,2532969.44,705413.5711,E3_F3_m3f3_P3_Y1_UO325,S3_F3_m-1f-1_P3_Y-1_U31,S3_F3_m-1f-1_P3_Y-1_U192,FXX,1,112.54147248231223,1,1,1.0,0,0,0,-9999.0,0.5,1,P2_CV0,2,1,1,1,1
3,2532969.44,705413.5711,E3_F3_m3f3_P3_Y1_UO359,S3_F3_m-1f-1_P3_Y-1_U18,S3_F3_m-1f-1_P3_Y-1_U165,MXY,1,112.54147248231223,1,1,0.0,0,0,0,-9999.0,0.5,1,P2_CV0,2,1,1,1,1
3,2532969.44,705413.5711,E3_F3_m3f3_P3_Y1_UO296,S3_F3_m-1f-1_P3_Y-1_U98,S3_F3_m-1f-1_P3_Y-1_U193,MXY,1,112.54147248231223,1,1,0.0,0,0,0,-9999.0,0.5,1,P2_CV0,2,1,1,2,0
3,2532969.44,705413.5711,E3_F3_m3f3_P3_Y1_UO342,S3_F3_m-1f-1_P3_Y-1_U81,S3_F3_m-1f-1_P3_Y-1_U139,FXX,1,112.54147248231223,1,1,1.0,0,0,0,-9999.0,0.5,1,P2_CV0,2,1,1,2,0
3,2532969.44,705413.5711,E3_F3_m3f3_P3_Y1_UO287,S3_F3_m-1f-1_P3_Y-1_U28,S3_F3_m-1f-1_P3_Y-1_U40,FXX,1,112.54147248231223,1,1,1.0,0,0,0,-9999.0,0.5,1,P2_CV0,2,1,1,1,1
3,2532969.44,705413.5711,E3_F3_m3f3_P3_Y1_UO270,S3_F3_m-1f-1_P3_Y-1_U54,S3_F3_m-1f-1_P3_Y-1_U198,FXX,1,112.54147248231223,1,1,1.0,0,0,0,-9999.0,0.5,1,P2_CV0,2,1,1,0,2
3,2532969.44,705413.5711,E3_F3_m3f3_P3_Y1_UO263,S3_F3_m-1f-1_P3_Y-1_U54,S3_F3_m-1f-1_P3_Y-1_U198,MXY,1,112.54147248231223,1,1,0.0,0,0,0,-9999.0,0.5,1,P2_CV0,2,1,1,1,1
3,2532969.44,705413.5711,E3_F3_m3f3_P3_Y1_UO195,S3_F3_m-1f-1_P3_Y-1_U90,S3_F3_m-1f-1_P3_Y-1_U10,MXY,1,112.54147248231223,1,1,0.0,0,0,0,-9999.0,0.25,1,P2_CV0,2,0,2,2,0
3,2532969.44,705413.5711,E3_F3_m3f3_P3_Y1_UO303,S3_F3_m-1f-1_P3_Y-1_U98,S3_F3_m-1f-1_P3_Y-1_U193,MXY,1,112.54147248231223,1,1,0.0,0,0,0,-9999.0,0.5,1,P2_CV0,2,1,1,2,0
3,2532969.44,705413.5711,E3_F3_m3f3_P3_Y1_UO283,S3_F3_m-1f-1_P3_Y-1_U28,S3_F3_m-1f-1_P3_Y-1_U40,FXX,1,112.54147248231223,1,1,1.0,0,0,0,-9999.0,0.5,1,P2_CV0,2,1,1,0,2
3,2532969.44,705413.5711,E3_F3_m3f3_P3_Y1_UO213,S3_F3_m-1f-1_P3_Y-1_U60,S3_F3_m-1f-1_P3_Y-1_U194,MXY,1,112.54147248231223,1,1,0.0,0,0,0,-9999.0,0.5,1,P2_CV0,2,2,0,0,2
3,2532969.44,705413.5711,E3_F3_m3f3_P3_Y1_UO302,S3_F3_m-1f-1_P3_Y-1_U98,S3_F3_m-1f-1_P3_Y-1_U193,FXX,1,112.54147248231223,1,1,1.0,0,0,0,-9999.0,0.5,1,P2_CV0,2,1,1,2,0
3,2532969.44,705413.5711,E3_F3_m3f3_P3_Y1_UO369,S3_F3_m-1f-1_P3_Y-1_U123,S3_F3_m-1f-1_P3_Y-1_U194,MXY,1,112.54147248231223,1,1,0.0,0,0,0,-9999.0,0.25,1,P2_CV0,2,1,1,1,1
3,2532969.44,705413.5711,E3_F3_m3f3_P3_Y1_UO286,S3_F3_m-1f-1_P3_Y-1_U28,S3_F3_m-1f-1_P3_Y-1_U40,FXX,1,112.54147248231223,1,1,1.0,0,0,0,-9999.0,0.5,1,P2_CV0,2,1,1,0,2
3,2532969.44,705413.5711,E3_F3_m3f3_P3_Y1_UO332,S3_F3_m-1f-1_P3_Y-1_U189,S3_F3_m-1f-1_P3_Y-1_U72,MXY,1,112.54147248231223,1,1,0.0,0,0,0,-9999.0,0.25,1,P2_CV0,2,0,2,2,0
3,2532969.44,705413.5711,E3_F3_m3f3_P3_Y1_UO279,S3_F3_m-1f-1_P3_Y-1_U28,S3_F3_m-1f-1_P3_Y-1_U40,FXX,1,112.54147248231223,1,1,1.0,0,0,0,-9999.0,0.5,1,P2_CV0,2,1,1,0,2
3,2532969.44,705413.5711,E3_F3_m3f3_P3_Y1_UO374,S3_F3_m-1f-1_P3_Y-1_U123,S3_F3_m-1f-1_P3_Y-1_U194,MXY,1,112.54147248231223,1,1,0.0,0,0,0,-9999.0,0.25,1,P2_CV0,2,0,2,1,1
3,2532969.44,705413.5711,E3_F3_m3f3_P3_Y1_UO238,S3_F3_m-1f-1_P3_Y-1_U110,S3_F3_m-1f-1_P3_Y-1_U163,MXY,1,112.54147248231223,1,1,0.0,0,0,0,-9999.0,0.5,1,P2_CV0,2,1,1,0,2
3,2532969.44,705413.5711,E3_F3_m3f3_P3_Y1_UO246,S3_F3_m-1f-1_P3_Y-1_U110,S3_F3_m-1f-1_P3_Y-1_U163,MXY,1,112.54147248231223,1,1,0.0,0,0,0,-9999.0,0.5,1,P2_CV0,2,1,1,1,1
3,2532969.44,705413.5711,E3_F3_m3f3_P3_Y1_UO331,S3_F3_m-1f-1_P3_Y-1_U189,S3_F3_m-1f-1_P3_Y-1_U72,FXX,1,112.54147248231223,1,1,1.0,0,0,0,-9999.0,0.25,1,P2_CV0,2,1,1,1,1
3,2532969.44,705413.5711,E3_F3_m3f3_P3_Y1_UO248,S3_F3_m-1f-1_P3_Y-1_U110,S3_F3_m-1f-1_P3_Y-1_U163,FXX,1,112.54147248231223,1,1,1.0,0,0,0,-9999.0,0.5,1,P2_CV0,2,2,0,0,2
3,2532969.44,705413.5711,E3_F3_m3f3_P3_Y1_UO272,S3_F3_m-1f-1_P3_Y-1_U54,S3_F3_m-1f-1_P3_Y-1_U198,FXX,1,112.54147248231223,1,1,1.0,0,0,0,-9999.0,0.5,1,P2_CV0,2,1,1,0,2
3,2532969.44,705413.5711,E3_F3_m3f3_P3_Y1_UO278,S3_F3_m-1f-1_P3_Y-1_U28,S3_F3_m-1f-1_P3_Y-1_U40,MXY,1,112.54147248231223,1,1,0.0,0,0,0,-9999.0,0.5,1,P2_CV0,2,1,1,1,1
3,2532969.44,705413.5711,E3_F3_m3f3_P3_Y1_UO380,S3_F3_m-1f-1_P3_Y-1_U142,S3_F3_m-1f-1_P3_Y-1_U57,MXY,1,112.54147248231223,1,1,0.0,0,0,0,-9999.0,0.5,1,P2_CV0,2,2,0,0,2
3,2532969.44,705413.5711,E3_F3_m3f3_P3_Y1_UO242,S3_F3_m-1f-1_P3_Y-1_U110,S3_F3_m-1f-1_P3_Y-1_U163,FXX,1,112.54147248231223,1,1,1.0,0,0,0,-9999.0,0.5,1,P2_CV0,2,0,2,0,2
3,2532969.44,705413.5711,E3_F3_m3f3_P3_Y1_UO310,S3_F3_m-1f-1_P3_Y-1_U175,S3_F3_m-1f-1_P3_Y-1_U140,MXY,1,112.54147248231223,1,1,0.0,0,0,0,-9999.0,0.25,1,P2_CV0,2,0,2,1,1
3,2532969.44,705413.5711,E3_F3_m3f3_P3_Y1_UO304,S3_F3_m-1f-1_P3_Y-1_U98,S3_F3_m-1f-1_P3_Y-1_U193,FXX,1,112.54147248231223,1,1,1.0,0,0,0,-9999.0,0.5,1,P2_CV0,2,2,0,2,0
3,2532969.44,705413.5711,E3_F3_m3f3_P3_Y1_UO253,S3_F3_m-1f-1_P3_Y-1_U11,S3_F3_m-1f-1_P3_Y-1_U2,MXY,1,112.54147248231223,1,1,0.0,0,0,0,-9999.0,0.5,1,P2_CV0,2,0,2,1,1
3,2532969.44,705413.5711,E3_F3_m3f3_P3_Y1_UO277,S3_F3_m-1f-1_P3_Y-1_U28,S3_F3_m-1f-1_P3_Y-1_U40,FXX,1,112.54147248231223,1,1,1.0,0,0,0,-9999.0,0.5,1,P2_CV0,2,1,1,1,1
3,2532969.44,705413.5711,E3_F3_m3f3_P3_Y1_UO385,S3_F3_m-1f-1_P3_Y-1_U142,S3_F3_m-1f-1_P3_Y-1_U57,FXX,1,112.54147248231223,1,1,1.0,0,0,0,-9999.0,0.5,1,P2_CV0,2,1,1,0,2
3,2532969.44,705413.5711,E3_F3_m3f3_P3_Y1_UO349,S3_F3_m-1f-1_P3_Y-1_U180,S3_F3_m-1f-1_P3_Y-1_U78,MXY,1,112.54147248231223,1,1,0.0,0,0,0,-9999.0,1.0,1,P2_CV0,2,2,0,1,1
3,2532969.44,705413.5711,E3_F3_m3f3_P3_Y1_UO376,S3_F3_m-1f-1_P3_Y-1_U142,S3_F3_m-1f-1_P3_Y-1_U57,MXY,1,112.54147248231223,1,1,0.0,0,0,0,-9999.0,0.5,1,P2_CV0,2,1,1,1,1
3,2532969.44,705413.5711,E3_F3_m3f3_P3_Y1_UO197,S3_F3_m-1f-1_P3_Y-1_U156,S3_F3_m-1f-1_P3_Y-1_U176,FXX,1,112.54147248231223,1,1,1.0,0,0,0,-9999.0,0.5,1,P2_CV0,2,1,1,1,1
3,2532969.44,705413.5711,E3_F3_m3f3_P3_Y1_UO313,S3_F3_m-1f-1_P3_Y-1_U175,S3_F3_m-1f-1_P3_Y-1_U140,MXY,1,112.54147248231223,1,1,0.0,0,0,0,-9999.0,0.25,1,P2_CV0,2,0,2,2,0
3,2532969.44,705413.5711,E3_F3_m3f3_P3_Y1_UO202,S3_F3_m-1f-1_P3_Y-1_U156,S3_F3_m-1f-1_P3_Y-1_U176,FXX,1,112.54147248231223,1,1,1.0,0,0,0,-9999.0,0.5,1,P2_CV0,2,1,1,1,1
3,2532969.44,705413.5711,E3_F3_m3f3_P3_Y1_UO364,S3_F3_m-1f-1_P3_Y-1_U18,S3_F3_m-1f-1_P3_Y-1_U165,FXX,1,112.54147248231223,1,1,1.0,0,0,0,-9999.0,0.5,1,P2_CV0,2,1,1,1,1
3,2532969.44,705413.5711,E3_F3_m3f3_P3_Y1_UO368,S3_F3_m-1f-1_P3_Y-1_U123,S3_F3_m-1f-1_P3_Y-1_U194,MXY,1,112.54147248231223,1,1,0.0,0,0,0,-9999.0,0.25,1,P2_CV0,2,0,2,1,1
3,2532969.44,705413.5711,E3_F3_m3f3_P3_Y1_UO264,S3_F3_m-1f-1_P3_Y-1_U54,S3_F3_m-1f-1_P3_Y-1_U198,FXX,1,112.54147248231223,1,1,1.0,0,0,0,-9999.0,0.5,1,P2_CV0,2,1,1,0,2
3,2532969.44,705413.5711,E3_F3_m3f3_P3_Y1_UO275,S3_F3_m-1f-1_P3_Y-1_U54,S3_F3_m-1f-1_P3_Y-1_U198,MXY,1,112.54147248231223,1,1,0.0,0,0,0,-9999.0,0.5,1,P2_CV0,2,1,1,1,1
3,2532969.44,705413.5711,E3_F3_m3f3_P3_Y1_UO318,S3_F3_m-1f-1_P3_Y-1_U175,S3_F3_m-1f-1_P3_Y-1_U140,FXX,1,112.54147248231223,1,1,1.0,0,0,0,-9999.0,0.25,1,P2_CV0,2,1,1,2,0
3,2532969.44,705413.5711,E3_F3_m3f3_P3_Y1_UO205,S3_F3_m-1f-1_P3_Y-1_U102,S3_F3_m-1f-1_P3_Y-1_U137,MXY,1,112.54147248231223,1,1,0.0,0,0,0,-9999.0,0.25,1,P2_CV0,2,0,2,1,1
3,2532969.44,705413.5711,E3_F3_m3f3_P3_Y1_UO317,S3_F3_m-1f-1_P3_Y-1_U175,S3_F3_m-1f-1_P3_Y-1_U140,MXY,1,112.54147248231223,1,1,0.0,0,0,0,-9999.0,0.25,1,P2_CV0,2,0,2,2,0
3,2532969.44,705413.5711,E3_F3_m3f3_P3_Y1_UO227,S3_F3_m-1f-1_P3_Y-1_U135,S3_F3_m-1f-1_P3_Y-1_U72,MXY,1,112.54147248231223,1,1,0.0,0,0,0,-9999.0,0.25,1,P2_CV0,2,0,2,1,1
3,2532969.44,705413.5711,E3_F3_m3f3_P3_Y1_UO235,S3_F3_m-1f-1_P3_Y-1_U110,S3_F3_m-1f-1_P3_Y-1_U163,MXY,1,112.54147248231223,1,1,0.0,0,0,0,-9999.0,0.5,1,P2_CV0,2,0,2,1,1
3,2532969.44,705413.5711,E3_F3_m3f3_P3_Y1_UO335,S3_F3_m-1f-1_P3_Y-1_U81,S3_F3_m-1f-1_P3_Y-1_U139,FXX,1,112.54147248231223,1,1,1.0,0,0,0,-9999.0,0.5,1,P2_CV0,2,1,1,0,2
3,2532969.44,705413.5711,E3_F3_m3f3_P3_Y1_UO357,S3_F3_m-1f-1_P3_Y-1_U180,S3_F3_m-1f-1_P3_Y-1_U78,FXX,1,112.54147248231223,1,1,1.0,0,0,0,-9999.0,1.0,1,P2_CV0,2,2,0,1,1
3,2532969.44,705413.5711,E3_F3_m3f3_P3_Y1_UO209,S3_F3_m-1f-1_P3_Y-1_U60,S3_F3_m-1f-1_P3_Y-1_U194,FXX,1,112.54147248231223,1,1,1.0,0,0,0,-9999.0,0.5,1,P2_CV0,2,2,0,2,0
3,2532969.44,705413.5711,E3_F3_m3f3_P3_Y1_UO300,S3_F3_m-1f-1_P3_Y-1_U98,S3_F3_m-1f-1_P3_Y-1_U193,MXY,1,112.54147248231223,1,1,0.0,0,0,0,-9999.0,0.5,1,P2_CV0,2,0,2,2,0
3,2532969.44,705413.5711,E3_F3_m3f3_P3_Y1_UO258,S3_F3_m-1f-1_P3_Y-1_U11,S3_F3_m-1f-1_P3_Y-1_U2,MXY,1,112.54147248231223,1,1,0.0,0,0,0,-9999.0,0.5,1,P2_CV0,2,2,0,1,1
3,2532969.44,705413.5711,E3_F3_m3f3_P3_Y1_UO290,S3_F3_m-1f-1_P3_Y-1_U84,S3_F3_m-1f-1_P3_Y-1_U30,FXX,1,112.54147248231223,1,1,1.0,0,0,0,-9999.0,0.5,1,P2_CV0,2,2,0,1,1
3,2532969.44,705413.5711,E3_F3_m3f3_P3_Y1_UO352,S3_F3_m-1f-1_P3_Y-1_U180,S3_F3_m-1f-1_P3_Y-1_U78,MXY,1,112.54147248231223,1,1,0.0,0,0,0,-9999.0,1.0,1,P2_CV0,2,2,0,2,0
3,2532969.44,705413.5711,E3_F3_m3f3_P3_Y1_UO350,S3_F3_m-1f-1_P3_Y-1_U180,S3_F3_m-1f-1_P3_Y-1_U78,MXY,1,112.54147248231223,1,1,0.0,0,0,0,-9999.0,1.0,1,P2_CV0,2,2,0,2,0
3,2532969.44,705413.5711,E3_F3_m3f3_P3_Y1_UO230,S3_F3_m-1f-1_P3_Y-1_U135,S3_F3_m-1f-1_P3_Y-1_U72,FXX,1,112.54147248231223,1,1,1.0,0,0,0,-9999.0,0.25,1,P2_CV0,2,0,2,2,0
3,2532969.44,705413.5711,E3_F3_m3f3_P3_Y1_UO262,S3_F3_m-1f-1_P3_Y-1_U54,S3_F3_m-1f-1_P3_Y-1_U198,MXY,1,112.54147248231223,1,1,0.0,0,0,0,-9999.0,0.5,1,P2_CV0,2,1,1,1,1
3,2532969.44,705413.5711,E3_F3_m3f3_P3_Y1_UO214,S3_F3_m-1f-1_P3_Y-1_U60,S3_F3_m-1f-1_P3_Y-1_U194,MXY,1,112.54147248231223,1,1,0.0,0,0,0,-9999.0,0.5,1,P2_CV0,2,0,2,2,0
3,2532969.44,705413.5711,E3_F3_m3f3_P3_Y1_UO200,S3_F3_m-1f-1_P3_Y-1_U156,S3_F3_m-1f-1_P3_Y-1_U176,MXY,1,112.54147248231223,1,1,0.0,0,0,0,-9999.0,0.5,1,P2_CV0,2,0,2,1,1
3,2532969.44,705413.5711,E3_F3_m3f3_P3_Y1_UO309,S3_F3_m-1f-1_P3_Y-1_U175,S3_F3_m-1f-1_P3_Y-1_U140,FXX,1,112.54147248231223,1,1,1.0,0,0,0,-9999.0,0.25,1,P2_CV0,2,0,2,2,0
3,2532969.44,705413.5711,E3_F3_m3f3_P3_Y1_UO252,S3_F3_m-1f-1_P3_Y-1_U11,S3_F3_m-1f-1_P3_Y-1_U2,MXY,1,112.54147248231223,1,1,0.0,0,0,0,-9999.0,0.5,1,P2_CV0,2,2,0,1,1
3,2532969.44,705413.5711,E3_F3_m3f3_P3_Y1_UO233,S3_F3_m-1f-1_P3_Y-1_U135,S3_F3_m-1f-1_P3_Y-1_U72,FXX,1,112.54147248231223,1,1,1.0,0,0,0,-9999.0,0.25,1,P2_CV0,2,1,1,1,1
3,2532969.44,705413.5711,E3_F3_m3f3_P3_Y1_UO330,S3_F3_m-1f-1_P3_Y-1_U189,S3_F3_m-1f-1_P3_Y-1_U72,MXY,1,112.54147248231223,1,1,0.0,0,0,0,-9999.0,0.25,1,P2_CV0,2,0,2,2,0
3,2532969.44,705413.5711,E3_F3_m3f3_P3_Y1_UO361,S3_F3_m-1f-1_P3_Y-1_U18,S3_F3_m-1f-1_P3_Y-1_U165,FXX,1,112.54147248231223,1,1,1.0,0,0,0,-9999.0,0.5,1,P2_CV0,2,1,1,2,0
3,2532969.44,705413.5711,E3_F3_m3f3_P3_Y1_UO363,S3_F3_m-1f-1_P3_Y-1_U18,S3_F3_m-1f-1_P3_Y-1_U165,MXY,1,112.54147248231223,1,1,0.0,0,0,0,-9999.0,0.5,1,P2_CV0,2,1,1,1,1
3,2532969.44,705413.5711,E3_F3_m3f3_P3_Y1_UO215,S3_F3_m-1f-1_P3_Y-1_U60,S3_F3_m-1f-1_P3_Y-1_U194,MXY,1,112.54147248231223,1,1,0.0,0,0,0,-9999.0,0.5,1,P2_CV0,2,1,1,1,1
3,2532969.44,705413.5711,E3_F3_m3f3_P3_Y1_UO358,S3_F3_m-1f-1_P3_Y-1_U180,S3_F3_m-1f-1_P3_Y-1_U78,MXY,1,112.54147248231223,1,1,0.0,0,0,0,-9999.0,1.0,1,P2_CV0,2,2,0,2,0
3,2532969.44,705413.5711,E3_F3_m3f3_P3_Y1_UO343,S3_F3_m-1f-1_P3_Y-1_U81,S3_F3_m-1f-1_P3_Y-1_U139,FXX,1,112.54147248231223,1,1,1.0,0,0,0,-9999.0,0.5,1,P2_CV0,2,1,1,1,1
3,2532969.44,705413.5711,E3_F3_m3f3_P3_Y1_UO267,S3_F3_m-1f-1_P3_Y-1_U54,S3_F3_m-1f-1_P3_Y-1_U198,FXX,1,112.54147248231223,1,1,1.0,0,0,0,-9999.0,0.5,1,P2_CV0,2,1,1,1,1
3,2532969.44,705413.5711,E3_F3_m3f3_P3_Y1_UO333,S3_F3_m-1f-1_P3_Y-1_U189,S3_F3_m-1f-1_P3_Y-1_U72,FXX,1,112.54147248231223,1,1,1.0,0,0,0,-9999.0,0.25,1,P2_CV0,2,0,2,2,0
3,2532969.44,705413.5711,E3_F3_m3f3_P3_Y1_UO340,S3_F3_m-1f-1_P3_Y-1_U81,S3_F3_m-1f-1_P3_Y-1_U139,MXY,1,112.54147248231223,1,1,0.0,0,0,0,-9999.0,0.5,1,P2_CV0,2,1,1,0,2
3,2532969.44,705413.5711,E3_F3_m3f3_P3_Y1_UO223,S3_F3_m-1f-1_P3_Y-1_U199,S3_F3_m-1f-1_P3_Y-1_U157,FXX,1,112.54147248231223,1,1,1.0,0,0,0,-9999.0,0.5,1,P2_CV0,2,1,1,0,2
3,2532969.44,705413.5711,E3_F3_m3f3_P3_Y1_UO297,S3_F3_m-1f-1_P3_Y-1_U98,S3_F3_m-1f-1_P3_Y-1_U193,FXX,1,112.54147248231223,1,1,1.0,0,0,0,-9999.0,0.5,1,P2_CV0,2,1,1,2,0
3,2532969.44,705413.5711,E3_F3_m3f3_P3_Y1_UO218,S3_F3_m-1f-1_P3_Y-1_U108,S3_F3_m-1f-1_P3_Y-1_U67,MXY,1,112.54147248231223,1,1,0.0,0,0,0,-9999.0,0.25,1,P2_CV0,2,1,1,0,2
3,2532969.44,705413.5711,E3_F3_m3f3_P3_Y1_UO269,S3_F3_m-1f-1_P3_Y-1_U54,S3_F3_m-1f-1_P3_Y-1_U198,MXY,1,112.54147248231223,1,1,0.0,0,0,0,-9999.0,0.5,1,P2_CV0,2,1,1,1,1
3,2532969.44,705413.5711,E3_F3_m3f3_P3_Y1_UO371,S3_F3_m-1f-1_P3_Y-1_U123,S3_F3_m-1f-1_P3_Y-1_U194,MXY,1,112.54147248231223,1,1,0.0,0,0,0,-9999.0,0.25,1,P2_CV0,2,0,2,0,2
3,2532969.44,705413.5711,E3_F3_m3f3_P3_Y1_UO289,S3_F3_m-1f-1_P3_Y-1_U84,S3_F3_m-1f-1_P3_Y-1_U30,FXX,1,112.54147248231223,1,1,1.0,0,0,0,-9999.0,0.5,1,P2_CV0,2,1,1,0,2
3,2532969.44,705413.5711,E3_F3_m3f3_P3_Y1_UO384,S3_F3_m-1f-1_P3_Y-1_U142,S3_F3_m-1f-1_P3_Y-1_U57,FXX,1,112.54147248231223,1,1,1.0,0,0,0,-9999.0,0.5,1,P2_CV0,2,0,2,1,1
3,2532969.44,705413.5711,E3_F3_m3f3_P3_Y1_UO211,S3_F3_m-1f-1_P3_Y-1_U60,S3_F3_m-1f-1_P3_Y-1_U194,MXY,1,112.54147248231223,1,1,0.0,0,0,0,-9999.0,0.5,1,P2_CV0,2,1,1,2,0
3,2532969.44,705413.5711,E3_F3_m3f3_P3_Y1_UO337,S3_F3_m-1f-1_P3_Y-1_U81,S3_F3_m-1f-1_P3_Y-1_U139,MXY,1,112.54147248231223,1,1,0.0,0,0,0,-9999.0,0.5,1,P2_CV0,2,1,1,2,0
3,2532969.44,705413.5711,E3_F3_m3f3_P3_Y1_UO260,S3_F3_m-1f-1_P3_Y-1_U54,S3_F3_m-1f-1_P3_Y-1_U198,FXX,1,112.54147248231223,1,1,1.0,0,0,0,-9999.0,0.5,1,P2_CV0,2,1,1,1,1
3,2532969.44,705413.5711,E3_F3_m3f3_P3_Y1_UO354,S3_F3_m-1f-1_P3_Y-1_U180,S3_F3_m-1f-1_P3_Y-1_U78,MXY,1,112.54147248231223,1,1,0.0,0,0,0,-9999.0,1.0,1,P2_CV0,2,2,0,1,1
3,2532969.44,705413.5711,E3_F3_m3f3_P3_Y0_UO635,R3_F3_m-1f-1_P3_Y-1_U16,R3_F3_m-1f-1_P3_Y-1_U157,MXY,2,137.17927519718452,1,0,0.0,0,0,0,-9999.0,0.75,1,P2_CV0,2,2,0,1,1
3,2532969.44,705413.5711,E3_F3_m3f3_P3_Y0_UO1177,R3_F3_m-1f-1_P3_Y-1_U190,R3_F3_m-1f-1_P3_Y-1_U111,MXY,2,137.17927519718452,1,0,0.0,0,0,0,-9999.0,0.75,1,P2_CV0,2,2,0,1,1
3,2532969.44,705413.5711,E3_F3_m3f3_P3_Y0_UO901,R3_F3_m-1f-1_P3_Y-1_U107,R3_F3_m-1f-1_P3_Y-1_U37,FXX,2,137.17927519718452,1,0,1.0,0,0,0,-9999.0,0.75,1,P2_CV0,2,2,0,1,1
3,2532969.44,705413.5711,E3_F3_m3f3_P3_Y0_UO1146,R3_F3_m-1f-1_P3_Y-1_U180,R3_F3_m-1f-1_P3_Y-1_U65,FXX,2,137.17927519718452,1,0,1.0,0,0,0,-9999.0,0.75,1,P2_CV0,2,1,1,2,0
3,2532969.44,705413.5711,E3_F3_m3f3_P3_Y0_UO794,R3_F3_m-1f-1_P3_Y-1_U61,R3_F3_m-1f-1_P3_Y-1_U88,FXX,2,137.17927519718452,1,0,1.0,0,0,0,-9999.0,0.25,1,P2_CV0,2,0,2,1,1
3,2532969.44,705413.5711,E3_F3_m3f3_P3_Y0_UO688,R3_F3_m-1f-1_P3_Y-1_U29,R3_F3_m-1f-1_P3_Y-1_U40,FXX,2,137.17927519718452,1,0,1.0,0,0,0,-9999.0,0.25,1,P2_CV0,2,1,1,1,1
3,2532969.44,705413.5711,E3_F3_m3f3_P3_Y0_UO961,R3_F3_m-1f-1_P3_Y-1_U127,R3_F3_m-1f-1_P3_Y-1_U79,MXY,2,137.17927519718452,1,0,0.0,0,0,0,-9999.0,0.0,1,P2_CV0,2,0,2,2,0
3,2532969.44,705413.5711,E3_F3_m3f3_P3_Y0_UO749,R3_F3_m-1f-1_P3_Y-1_U39,R3_F3_m-1f-1_P3_Y-1_U146,MXY,2,137.17927519718452,1,0,0.0,0,0,0,-9999.0,0.25,1,P2_CV0,2,1,1,2,0
3,2532969.44,705413.5711,E3_F3_m3f3_P3_Y0_UO795,R3_F3_m-1f-1_P3_Y-1_U61,R3_F3_m-1f-1_P3_Y-1_U88,MXY,2,137.17927519718452,1,0,0.0,0,0,0,-9999.0,0.25,1,P2_CV0,2,0,2,2,0
3,2532969.44,705413.5711,E3_F3_m3f3_P3_Y0_UO1069,R3_F3_m-1f-1_P3_Y-1_U160,R3_F3_m-1f-1_P3_Y-1_U41,FXX,2,137.17927519718452,1,0,1.0,0,0,0,-9999.0,0.5,1,P2_CV0,2,1,1,2,0
3,2532969.44,705413.5711,E3_F3_m3f3_P3_Y0_UO898,R3_F3_m-1f-1_P3_Y-1_U106,R3_F3_m-1f-1_P3_Y-1_U114,MXY,2,137.17927519718452,1,0,0.0,0,0,0,-9999.0,1.0,1,P2_CV0,2,2,0,1,1
3,2532969.44,705413.5711,E3_F3_m3f3_P3_Y0_UO1024,R3_F3_m-1f-1_P3_Y-1_U145,R3_F3_m-1f-1_P3_Y-1_U148,MXY,2,137.17927519718452,1,0,0.0,0,0,0,-9999.0,0.75,1,P2_CV0,2,2,0,2,0
3,2532969.44,705413.5711,E3_F3_m3f3_P3_Y0_UO613,R3_F3_m-1f-1_P3_Y-1_U1,R3_F3_m-1f-1_P3_Y-1_U85,MXY,2,137.17927519718452,1,0,0.0,0,0,0,-9999.0,0.5,1,P2_CV0,2,1,1,0,2
3,2532969.44,705413.5711,E3_F3_m3f3_P3_Y0_UO634,R3_F3_m-1f-1_P3_Y-1_U16,R3_F3_m-1f-1_P3_Y-1_U157,MXY,2,137.17927519718452,1,0,0.0,0,0,0,-9999.0,0.75,1,P2_CV0,2,2,0,0,2
3,2532969.44,705413.5711,E3_F3_m3f3_P3_Y0_UO1077,R3_F3_m-1f-1_P3_Y-1_U160,R3_F3_m-1f-1_P3_Y-1_U41,MXY,2,137.17927519718452,1,0,0.0,0,0,0,-9999.0,0.5,1,P2_CV0,2,1,1,2,0
3,2532969.44,705413.5711,E3_F3_m3f3_P3_Y0_UO706,R3_F3_m-1f-1_P3_Y-1_U32,R3_F3_m-1f-1_P3_Y-1_U157,FXX,2,137.17927519718452,1,0,1.0,0,0,0,-9999.0,0.5,1,P2_CV0,2,0,2,1,1
3,2532969.44,705413.5711,E3_F3_m3f3_P3_Y0_UO996,R3_F3_m-1f-1_P3_Y-1_U136,R3_F3_m-1f-1_P3_Y-1_U53,FXX,2,137.17927519718452,1,0,1.0,0,0,0,-9999.0,1.0,1,P2_CV0,2,2,0,2,0
3,2532969.44,705413.5711,E3_F3_m3f3_P3_Y0_UO1139,R3_F3_m-1f-1_P3_Y-1_U178,R3_F3_m-1f-1_P3_Y-1_U172,MXY,2,137.17927519718452,1,0,0.0,0,0,0,-9999.0,0.5,1,P2_CV0,2,1,1,1,1
3,2532969.44,705413.5711,E3_F3_m3f3_P3_Y0_UO1022,R3_F3_m-1f-1_P3_Y-1_U145,R3_F3_m-1f-1_P3_Y-1_U148,FXX,2,137.17927519718452,1,0,1.0,0,0,0,-9999.0,0.75,1,P2_CV0,2,2,0,1,1
3,2532969.44,705413.5711,E3_F3_m3f3_P3_Y0_UO637,R3_F3_m-1f-1_P3_Y-1_U16,R3_F3_m-1f-1_P3_Y-1_U157,MXY,2,137.17927519718452,1,0,0.0,0,0,0,-9999.0,0.75,1,P2_CV0,2,2,0,1,1
3,2532969.44,705413.5711,E3_F3_m3f3_P3_Y0_UO629,R3_F3_m-1f-1_P3_Y-1_U16,R3_F3_m-1f-1_P3_Y-1_U157,MXY,2,137.17927519718452,1,0,0.0,0,0,0,-9999.0,0.75,1,P2_CV0,2,1,1,0,2
3,2532969.44,705413.5711,E3_F3_m3f3_P3_Y0_UO951,R3_F3_m-1f-1_P3_Y-1_U123,R3_F3_m-1f-1_P3_Y-1_U197,FXX,2,137.17927519718452,1,0,1.0,0,0,0,-9999.0,0.25,1,P2_CV0,2,0,2,2,0
3,2532969.44,705413.5711,E3_F3_m3f3_P3_Y0_UO1086,R3_F3_m-1f-1_P3_Y-1_U167,R3_F3_m-1f-1_P3_Y-1_U20,FXX,2,137.17927519718452,1,0,1.0,0,0,0,-9999.0,0.5,1,P2_CV0,2,0,2,2,0
3,2532969.44,705413.5711,E3_F3_m3f3_P3_Y0_UO945,R3_F3_m-1f-1_P3_Y-1_U123,R3_F3_m-1f-1_P3_Y-1_U197,MXY,2,137.17927519718452,1,0,0.0,0,0,0,-9999.0,0.25,1,P2_CV0,2,0,2,1,1
3,2532969.44,705413.5711,E3_F3_m3f3_P3_Y0_UO1003,R3_F3_m-1f-1_P3_Y-1_U138,R3_F3_m-1f-1_P3_Y-1_U173,MXY,2,137.17927519718452,1,0,0.0,0,0,0,-9999.0,0.75,1,P2_CV0,2,2,0,0,2
3,2532969.44,705413.5711,E3_F3_m3f3_P3_Y0_UO1015,R3_F3_m-1f-1_P3_Y-1_U142,R3_F3_m-1f-1_P3_Y-1_U34,MXY,2,137.17927519718452,1,0,0.0,0,0,0,-9999.0,0.5,1,P2_CV0,2,2,0,2,0
3,2532969.44,705413.5711,E3_F3_m3f3_P3_Y0_UO813,R3_F3_m-1f-1_P3_Y-1_U81,R3_F3_m-1f-1_P3_Y-1_U40,FXX,2,137.17927519718452,1,0,1.0,0,0,0,-9999.0,0.5,1,P2_CV0,2,1,1,1,1
3,2532969.44,705413.5711,E3_F3_m3f3_P3_Y0_UO1028,R3_F3_m-1f-1_P3_Y-1_U147,R3_F3_m-1f-1_P3_Y-1_U27,FXX,2,137.17927519718452,1,0,1.0,0,0,0,-9999.0,0.75,1,P2_CV0,2,2,0,1,1
3,2532969.44,705413.5711,E3_F3_m3f3_P3_Y0_UO632,R3_F3_m-1f-1_P3_Y-1_U16,R3_F3_m-1f-1_P3_Y-1_U157,FXX,2,137.17927519718452,1,0,1.0,0,0,0,-9999.0,0.75,1,P2_CV0,2,1,1,2,0
3,2532969.44,705413.5711,E3_F3_m3f3_P3_Y0_UO1064,R3_F3_m-1f-1_P3_Y-1_U158,R3_F3_m-1f-1_P3_Y-1_U38,MXY,2,137.17927519718452,1,0,0.0,0,0,0,-9999.0,0.75,1,P2_CV0,2,1,1,0,2
3,2532969.44,705413.5711,E3_F3_m3f3_P3_Y0_UO767,R3_F3_m-1f-1_P3_Y-1_U46,R3_F3_m-1f-1_P3_Y-1_U82,FXX,2,137.17927519718452,1,0,1.0,0,0,0,-9999.0,0.75,1,P2_CV0,2,1,1,0,2
3,2532969.44,705413.5711,E3_F3_m3f3_P3_Y0_UO933,R3_F3_m-1f-1_P3_Y-1_U115,R3_F3_m-1f-1_P3_Y-1_U63,MXY,2,137.17927519718452,1,0,0.0,0,0,0,-9999.0,0.5,1,P2_CV0,2,0,2,1,1
3,2532969.44,705413.5711,E3_F3_m3f3_P3_Y0_UO1178,R3_F3_m-1f-1_P3_Y-1_U190,R3_F3_m-1f-1_P3_Y-1_U111,FXX,2,137.17927519718452,1,0,1.0,0,0,0,-9999.0,0.75,1,P2_CV0,2,2,0,1,1
3,2532969.44,705413.5711,E3_F3_m3f3_P3_Y0_UO912,R3_F3_m-1f-1_P3_Y-1_U108,R3_F3_m-1f-1_P3_Y-1_U42,FXX,2,137.17927519718452,1,0,1.0,0,0,0,-9999.0,0.5,1,P2_CV0,2,1,1,1,1
3,2532969.44,705413.5711,E3_F3_m3f3_P3_Y0_UO733,R3_F3_m-1f-1_P3_Y-1_U36,R3_F3_m-1f-1_P3_Y-1_U197,MXY,2,137.17927519718452,1,0,0.0,0,0,0,-9999.0,0.75,1,P2_CV0,2,1,1,1,1
3,2532969.44,705413.5711,E3_F3_m3f3_P3_Y0_UO931,R3_F3_m-1f-1_P3_Y-1_U115,R3_F3_m-1f-1_P3_Y-1_U63,FXX,2,137.17927519718452,1,0,1.0,0,0,0,-9999.0,0.5,1,P2_CV0,2,0,2,1,1
3,2532969.44,705413.5711,E3_F3_m3f3_P3_Y0_UO1076,R3_F3_m-1f-1_P3_Y-1_U160,R3_F3_m-1f-1_P3_Y-1_U41,MXY,2,137.17927519718452,1,0,0.0,0,0,0,-9999.0,0.5,1,P2_CV0,2,1,1,1,1
3,2532969.44,705413.5711,E3_F3_m3f3_P3_Y0_UO1029,R3_F3_m-1f-1_P3_Y-1_U147,R3_F3_m-1f-1_P3_Y-1_U27,FXX,2,137.17927519718452,1,0,1.0,0,0,0,-9999.0,0.75,1,P2_CV0,2,2,0,1,1
3,2532969.44,705413.5711,E3_F3_m3f3_P3_Y0_UO712,R3_F3_m-1f-1_P3_Y-1_U33,R3_F3_m-1f-1_P3_Y-1_U63,MXY,2,137.17927519718452,1,0,0.0,0,0,0,-9999.0,0.75,1,P2_CV0,2,2,0,0,2
3,2532969.44,705413.5711,E3_F3_m3f3_P3_Y0_UO705,R3_F3_m-1f-1_P3_Y-1_U32,R3_F3_m-1f-1_P3_Y-1_U157,MXY,2,137.17927519718452,1,0,0.0,0,0,0,-9999.0,0.5,1,P2_CV0,2,1,1,2,0
3,2532969.44,705413.5711,E3_F3_m3f3_P3_Y0_UO740,R3_F3_m-1f-1_P3_Y-1_U36,R3_F3_m-1f-1_P3_Y-1_U197,MXY,2,137.17927519718452,1,0,0.0,0,0,0,-9999.0,0.75,1,P2_CV0,2,2,0,2,0
3,2532969.44,705413.5711,E3_F3_m3f3_P3_Y0_UO1000,R3_F3_m-1f-1_P3_Y-1_U136,R3_F3_m-1f-1_P3_Y-1_U53,MXY,2,137.17927519718452,1,0,0.0,0,0,0,-9999.0,1.0,1,P2_CV0,2,2,0,2,0
3,2532969.44,705413.5711,E3_F3_m3f3_P3_Y0_UO816,R3_F3_m-1f-1_P3_Y-1_U81,R3_F3_m-1f-1_P3_Y-1_U40,FXX,2,137.17927519718452,1,0,1.0,0,0,0,-9999.0,0.5,1,P2_CV0,2,1,1,0,2
3,2532969.44,705413.5711,E3_F3_m3f3_P3_Y0_UO685,R3_F3_m-1f-1_P3_Y-1_U29,R3_F3_m-1f-1_P3_Y-1_U40,FXX,2,137.17927519718452,1,0,1.0,0,0,0,-9999.0,0.25,1,P2_CV0,2,0,2,1,1
3,2532969.44,705413.5711,E3_F3_m3f3_P3_Y0_UO1089,R3_F3_m-1f-1_P3_Y-1_U167,R3_F3_m-1f-1_P3_Y-1_U20,FXX,2,137.17927519718452,1,0,1.0,0,0,0,-9999.0,0.5,1,P2_CV0,2,0,2,2,0
3,2532969.44,705413.5711,E3_F3_m3f3_P3_Y0_UO618,R3_F3_m-1f-1_P3_Y-1_U9,R3_F3_m-1f-1_P3_Y-1_U0,FXX,2,137.17927519718452,1,0,1.0,0,0,0,-9999.0,0.75,1,P2_CV0,2,2,0,1,1
3,2532969.44,705413.5711,E3_F3_m3f3_P3_Y0_UO708,R3_F3_m-1f-1_P3_Y-1_U32,R3_F3_m-1f-1_P3_Y-1_U157,MXY,2,137.17927519718452,1,0,0.0,0,0,0,-9999.0,0.5,1,P2_CV0,2,1,1,0,2
3,2532969.44,705413.5711,E3_F3_m3f3_P3_Y0_UO904,R3_F3_m-1f-1_P3_Y-1_U107,R3_F3_m-1f-1_P3_Y-1_U37,FXX,2,137.17927519718452,1,0,1.0,0,0,0,-9999.0,0.75,1,P2_CV0,2,2,0,1,1
3,2532969.44,705413.5711,E3_F3_m3f3_P3_Y0_UO803,R3_F3_m-1f-1_P3_Y-1_U80,R3_F3_m-1f-1_P3_Y-1_U6,FXX,2,137.17927519718452,1,0,1.0,0,0,0,-9999.0,0.75,1,P2_CV0,2,2,0,2,0
3,2532969.44,705413.5711,E3_F3_m3f3_P3_Y0_UO981,R3_F3_m-1f-1_P3_Y-1_U132,R3_F3_m-1f-1_P3_Y-1_U122,MXY,2,137.17927519718452,1,0,0.0,0,0,0,-9999.0,0.75,1,P2_CV0,2,1,1,1,1
3,2532969.44,705413.5711,E3_F3_m3f3_P3_Y0_UO656,R3_F3_m-1f-1_P3_Y-1_U18,R3_F3_m-1f-1_P3_Y-1_U192,FXX,2,137.17927519718452,1,0,1.0,0,0,0,-9999.0,1.0,1,P2_CV0,2,2,0,2,0
3,2532969.44,705413.5711,E3_F3_m3f3_P3_Y0_UO798,R3_F3_m-1f-1_P3_Y-1_U64,R3_F3_m-1f-1_P3_Y-1_U198,FXX,2,137.17927519718452,1,0,1.0,0,0,0,-9999.0,0.5,1,P2_CV0,2,1,1,0,2
3,2532969.44,705413.5711,E3_F3_m3f3_P3_Y0_UO1030,R3_F3_m-1f-1_P3_Y-1_U147,R3_F3_m-1f-1_P3_Y-1_U27,FXX,2,137.17927519718452,1,0,1.0,0,0,0,-9999.0,0.75,1,P2_CV0,2,1,1,1,1
3,2532969.44,705413.5711,E3_F3_m3f3_P3_Y0_UO717,R3_F3_m-1f-1_P3_Y-1_U33,R3_F3_m-1f-1_P3_Y-1_U63,FXX,2,137.17927519718452,1,0,1.0,0,0,0,-9999.0,0.75,1,P2_CV0,2,2,0,0,2
3,2532969.44,705413.5711,E3_F3_m3f3_P3_Y0_UO811,R3_F3_m-1f-1_P3_Y-1_U81,R3_F3_m-1f-1_P3_Y-1_U40,FXX,2,137.17927519718452,1,0,1.0,0,0,0,-9999.0,0.5,1,P2_CV0,2,1,1,2,0
3,2532969.44,705413.5711,E3_F3_m3f3_P3_Y0_UO1135,R3_F3_m-1f-1_P3_Y-1_U175,R3_F3_m-1f-1_P3_Y-1_U34,MXY,2,137.17927519718452,1,0,0.0,0,0,0,-9999.0,0.25,1,P2_CV0,2,0,2,0,2
3,2532969.44,705413.5711,E3_F3_m3f3_P3_Y0_UO662,R3_F3_m-1f-1_P3_Y-1_U21,R3_F3_m-1f-1_P3_Y-1_U148,MXY,2,137.17927519718452,1,0,0.0,0,0,0,-9999.0,0.5,1,P2_CV0,2,1,1,1,1
3,2532969.44,705413.5711,E3_F3_m3f3_P3_Y0_UO1018,R3_F3_m-1f-1_P3_Y-1_U145,R3_F3_m-1f-1_P3_Y-1_U148,MXY,2,137.17927519718452,1,0,0.0,0,0,0,-9999.0,0.75,1,P2_CV0,2,2,0,2,0
3,2532969.44,705413.5711,E3_F3_m3f3_P3_Y0_UO1182,R3_F3_m-1f-1_P3_Y-1_U196,R3_F3_m-1f-1_P3_Y-1_U94,MXY,2,137.17927519718452,1,0,0.0,0,0,0,-9999.0,0.5,1,P2_CV0,2,1,1,1,1
3,2532969.44,705413.5711,E3_F3_m3f3_P3_Y0_UO840,R3_F3_m-1f-1_P3_Y-1_U89,R3_F3_m-1f-1_P3_Y-1_U71,MXY,2,137.17927519718452,1,0,0.0,0,0,0,-9999.0,0.5,1,P2_CV0,2,1,1,2,0
3,2532969.44,705413.5711,E3_F3_m3f3_P3_Y0_UO1079,R3_F3_m-1f-1_P3_Y-1_U161,R3_F3_m-1f-1_P3_Y-1_U59,FXX,2,137.17927519718452,1,0,1.0,0,0,0,-9999.0,0.25,1,P2_CV0,2,1,1,2,0
3,2532969.44,705413.5711,E3_F3_m3f3_P3_Y0_UO804,R3_F3_m-1f-1_P3_Y-1_U80,R3_F3_m-1f-1_P3_Y-1_U6,FXX,2,137.17927519718452,1,0,1.0,0,0,0,-9999.0,0.75,1,P2_CV0,2,2,0,2,0
3,2532969.44,705413.5711,E3_F3_m3f3_P3_Y0_UO1156,R3_F3_m-1f-1_P3_Y-1_U188,R3_F3_m-1f-1_P3_Y-1_U40,MXY,2,137.17927519718452,1,0,0.0,0,0,0,-9999.0,0.5,1,P2_CV0,2,1,1,0,2
3,2532969.44,705413.5711,E3_F3_m3f3_P3_Y0_UO713,R3_F3_m-1f-1_P3_Y-1_U33,R3_F3_m-1f-1_P3_Y-1_U63,MXY,2,137.17927519718452,1,0,0.0,0,0,0,-9999.0,0.75,1,P2_CV0,2,2,0,0,2
3,2532969.44,705413.5711,E3_F3_m-1f-1_P3_Y-1_U193,-9999,-9999,MXY,3,130.75470279541372,1,0,0.0,0,0,0,-9999.0,0.5,1,P2_CV0,2,1,1,2,0
3,2532969.44,705413.5711,E3_F3_m-1f-1_P3_Y-1_U194,-9999,-9999,MXY,4,143.6281721209111,1,0,0.0,0,0,0,-9999.0,0.5,1,P2_CV0,2,1,1,1,1
3,2532969.44,705413.5711,E3_F3_m-1f-1_P3_Y-1_U6,-9999,-9999,MXY,5,151.6979056903625,1,0,0.0,0,0,0,-9999.0,0.5,1,P2_CV0,2,1,1,2,0
3,2532969.44,705413.5711,E3_F3_m-1f-1_P3_Y-1_U189,-9999,-9999,FXX,6,190.38908631323235,1,0,1.0,0,0,0,-9999.0,0.0,1,P2_CV0,2,0,2,1,1
3,2532969.44,705413.5711,Age0_F3_m3f3_P3_Y2_UO215,S3_F3_m3f3_P3_Y0_UO901,S3_F3_m3f3_P3_Y0_UO1064,FXX,0,79.31279593099084,0,0,0.0,0,0,0,0.0,0.75,1,P2_CV0,2,2,0,1,1
3,2532969.44,705413.5711,Age0_F3_m3f3_P3_Y2_UO216,S3_F3_m3f3_P3_Y0_UO901,S3_F3_m3f3_P3_Y0_UO1064,MXY,0,79.31279593099084,0,0,0.0,0,0,0,0.0,0.75,1,P2_CV0,2,2,0,0,2
3,2532969.44,705413.5711,Age0_F3_m3f3_P3_Y2_UO217,S3_F3_m3f3_P3_Y0_UO901,S3_F3_m3f3_P3_Y0_UO1064,FXX,0,79.31279593099084,0,0,0.0,0,0,0,0.0,0.75,1,P2_CV0,2,1,1,0,2
3,2532969.44,705413.5711,Age0_F3_m3f3_P3_Y2_UO218,S3_F3_m3f3_P3_Y0_UO901,S3_F3_m3f3_P3_Y0_UO1064,FXX,0,79.31279593099084,0,0,0.0,0,0,0,0.0,0.75,1,P2_CV0,2,2,0,0,2
3,2532969.44,705413.5711,Age0_F3_m3f3_P3_Y2_UO219,S3_F3_m3f3_P3_Y0_UO1146,S3_F3_m3f3_P3_Y0_UO1177,MXY,0,79.31279593099084,0,0,0.0,0,0,0,0.0,0.75,1,P2_CV0,2,2,0,2,0
3,2532969.44,705413.5711,Age0_F3_m3f3_P3_Y2_UO220,S3_F3_m3f3_P3_Y0_UO1146,S3_F3_m3f3_P3_Y0_UO1177,FXX,0,79.31279593099084,0,0,0.0,0,0,0,0.0,0.75,1,P2_CV0,2,1,1,2,0
3,2532969.44,705413.5711,Age0_F3_m3f3_P3_Y2_UO221,S3_F3_m3f3_P3_Y0_UO1146,S3_F3_m3f3_P3_Y0_UO1177,FXX,0,79.31279593099084,0,0,0.0,0,0,0,0.0,0.75,1,P2_CV0,2,1,1,1,1
3,2532969.44,705413.5711,Age0_F3_m3f3_P3_Y2_UO222,S3_F3_m3f3_P3_Y0_UO1146,S3_F3_m3f3_P3_Y0_UO1177,FXX,0,79.31279593099084,0,0,0.0,0,0,0,0.0,0.75,1,P2_CV0,2,1,1,2,0
3,2532969.44,705413.5711,Age0_F3_m3f3_P3_Y2_UO223,S3_F3_m3f3_P3_Y0_UO794,S3_F3_m3f3_P3_Y0_UO933,FXX,0,79.31279593099084,0,0,0.0,0,0,0,0.0,0.375,1,P2_CV0,2,0,2,1,1
3,2532969.44,705413.5711,Age0_F3_m3f3_P3_Y2_UO224,S3_F3_m3f3_P3_Y0_UO794,S3_F3_m3f3_P3_Y0_UO933,FXX,0,79.31279593099084,0,0,0.0,0,0,0,0.0,0.375,1,P2_CV0,2,0,2,1,1
3,2532969.44,705413.5711,Age0_F3_m3f3_P3_Y2_UO225,S3_F3_m3f3_P3_Y0_UO794,S3_F3_m3f3_P3_Y0_UO933,MXY,0,79.31279593099084,0,0,0.0,0,0,0,0.0,0.375,1,P2_CV0,2,0,2,1,1
3,2532969.44,705413.5711,Age0_F3_m3f3_P3_Y2_UO226,S3_F3_m3f3_P3_Y0_UO794,S3_F3_m3f3_P3_Y0_UO933,MXY,0,79.31279593099084,0,0,0.0,0,0,0,0.0,0.375,1,P2_CV0,2,0,2,1,1
3,2532969.44,705413.5711,Age0_F3_m3f3_P3_Y2_UO227,S3_F3_m3f3_P3_Y0_UO794,S3_F3_m3f3_P3_Y0_UO933,FXX,0,79.31279593099084,0,0,0.0,0,0,0,0.0,0.375,1,P2_CV0,2,0,2,1,1
3,2532969.44,705413.5711,Age0_F3_m3f3_P3_Y2_UO228,S3_F3_m3f3_P3_Y0_UO794,S3_F3_m3f3_P3_Y0_UO933,MXY,0,79.31279593099084,0,0,0.0,0,0,0,0.0,0.375,1,P2_CV0,2,0,2,1,1
3,2532969.44,705413.5711,Age0_F3_m3f3_P3_Y2_UO229,S3_F3_m3f3_P3_Y0_UO794,S3_F3_m3f3_P3_Y0_UO933,FXX,0,79.31279593099084,0,0,0.0,0,0,0,0.0,0.375,1,P2_CV0,2,0,2,1,1
3,2532969.44,705413.5711,Age0_F3_m3f3_P3_Y2_UO230,S3_F3_m3f3_P3_Y0_UO794,S3_F3_m3f3_P3_Y0_UO933,MXY,0,79.31279593099084,0,0,0.0,0,0,0,0.0,0.375,1,P2_CV0,2,0,2,1,1
3,2532969.44,705413.5711,Age0_F3_m3f3_P3_Y2_UO231,S3_F3_m3f3_P3_Y0_UO688,S3_F3_m3f3_P3_Y0_UO981,FXX,0,79.31279593099084,0,0,0.0,0,0,0,0.0,0.5,1,P2_CV0,2,2,0,0,2
3,2532969.44,705413.5711,Age0_F3_m3f3_P3_Y2_UO232,S3_F3_m3f3_P3_Y0_UO688,S3_F3_m3f3_P3_Y0_UO981,FXX,0,79.31279593099084,0,0,0.0,0,0,0,0.0,0.5,1,P2_CV0,2,0,2,0,2
3,2532969.44,705413.5711,Age0_F3_m3f3_P3_Y2_UO233,S3_F3_m3f3_P3_Y0_UO688,S3_F3_m3f3_P3_Y0_UO981,FXX,0,79.31279593099084,0,0,0.0,0,0,0,0.0,0.5,1,P2_CV0,2,0,2,0,2
3,2532969.44,705413.5711,Age0_F3_m3f3_P3_Y2_UO234,S3_F3_m3f3_P3_Y0_UO688,S3_F3_m3f3_P3_Y0_UO981,MXY,0,79.31279593099084,0,0,0.0,0,0,0,0.0,0.5,1,P2_CV0,2,2,0,1,1
3,2532969.44,705413.5711,Age0_F3_m3f3_P3_Y2_UO235,S3_F3_m3f3_P3_Y0_UO688,S3_F3_m3f3_P3_Y0_UO981,MXY,0,79.31279593099084,0,0,0.0,0,0,0,0.0,0.5,1,P2_CV0,2,0,2,1,1
3,2532969.44,705413.5711,Age0_F3_m3f3_P3_Y2_UO236,S3_F3_m3f3_P3_Y0_UO1069,S3_F3_m3f3_P3_Y0_UO898,MXY,0,79.31279593099084,0,0,0.0,0,0,0,0.0,0.75,1,P2_CV0,2,1,1,1,1
3,2532969.44,705413.5711,Age0_F3_m3f3_P3_Y2_UO237,S3_F3_m3f3_P3_Y0_UO1069,S3_F3_m3f3_P3_Y0_UO898,MXY,0,79.31279593099084,0,0,0.0,0,0,0,0.0,0.75,1,P2_CV0,2,1,1,1,1
3,2532969.44,705413.5711,Age0_F3_m3f3_P3_Y2_UO238,S3_F3_m3f3_P3_Y0_UO1069,S3_F3_m3f3_P3_Y0_UO898,FXX,0,79.31279593099084,0,0,0.0,0,0,0,0.0,0.75,1,P2_CV0,2,2,0,1,1
3,2532969.44,705413.5711,Age0_F3_m3f3_P3_Y2_UO239,S3_F3_m3f3_P3_Y0_UO706,S3_F3_m3f3_P3_Y0_UO1156,FXX,0,79.31279593099084,0,0,0.0,0,0,0,0.0,0.5,1,P2_CV0,2,0,2,0,2
3,2532969.44,705413.5711,Age0_F3_m3f3_P3_Y2_UO240,S3_F3_m3f3_P3_Y0_UO706,S3_F3_m3f3_P3_Y0_UO1156,FXX,0,79.31279593099084,0,0,0.0,0,0,0,0.0,0.5,1,P2_CV0,2,1,1,1,1
3,2532969.44,705413.5711,Age0_F3_m3f3_P3_Y2_UO241,S3_F3_m3f3_P3_Y0_UO706,S3_F3_m3f3_P3_Y0_UO1156,FXX,0,79.31279593099084,0,0,0.0,0,0,0,0.0,0.5,1,P2_CV0,2,1,1,1,1
3,2532969.44,705413.5711,Age0_F3_m3f3_P3_Y2_UO242,S3_F3_m3f3_P3_Y0_UO706,S3_F3_m3f3_P3_Y0_UO1156,FXX,0,79.31279593099084,0,0,0.0,0,0,0,0.0,0.5,1,P2_CV0,2,0,2,1,1
3,2532969.44,705413.5711,Age0_F3_m3f3_P3_Y2_UO243,S3_F3_m3f3_P3_Y0_UO706,S3_F3_m3f3_P3_Y0_UO1156,FXX,0,79.31279593099084,0,0,0.0,0,0,0,0.0,0.5,1,P2_CV0,2,0,2,0,2
3,2532969.44,705413.5711,Age0_F3_m3f3_P3_Y2_UO244,S3_F3_m3f3_P3_Y0_UO706,S3_F3_m3f3_P3_Y0_UO1156,MXY,0,79.31279593099084,0,0,0.0,0,0,0,0.0,0.5,1,P2_CV0,2,1,1,1,1
3,2532969.44,705413.5711,Age0_F3_m3f3_P3_Y2_UO245,S3_F3_m3f3_P3_Y0_UO996,S3_F3_m3f3_P3_Y0_UO945,MXY,0,79.31279593099084,0,0,0.0,0,0,0,0.0,0.625,1,P2_CV0,2,1,1,2,0
3,2532969.44,705413.5711,Age0_F3_m3f3_P3_Y2_UO246,S3_F3_m3f3_P3_Y0_UO996,S3_F3_m3f3_P3_Y0_UO945,FXX,0,79.31279593099084,0,0,0.0,0,0,0,0.0,0.625,1,P2_CV0,2,1,1,1,1
3,2532969.44,705413.5711,Age0_F3_m3f3_P3_Y2_UO247,S3_F3_m3f3_P3_Y0_UO996,S3_F3_m3f3_P3_Y0_UO945,FXX,0,79.31279593099084,0,0,0.0,0,0,0,0.0,0.625,1,P2_CV0,2,1,1,2,0
3,2532969.44,705413.5711,Age0_F3_m3f3_P3_Y2_UO248,S3_F3_m3f3_P3_Y0_UO1022,S3_F3_m3f3_P3_Y0_UO635,FXX,0,79.31279593099084,0,0,0.0,0,0,0,0.0,0.75,1,P2_CV0,2,2,0,1,1
3,2532969.44,705413.5711,Age0_F3_m3f3_P3_Y2_UO249,S3_F3_m3f3_P3_Y0_UO1022,S3_F3_m3f3_P3_Y0_UO635,MXY,0,79.31279593099084,0,0,0.0,0,0,0,0.0,0.75,1,P2_CV0,2,2,0,1,1
3,2532969.44,705413.5711,Age0_F3_m3f3_P3_Y2_UO250,S3_F3_m3f3_P3_Y0_UO951,S3_F3_m3f3_P3_Y0_UO740,FXX,0,79.31279593099084,0,0,0.0,0,0,0,0.0,0.5,1,P2_CV0,2,1,1,2,0
3,2532969.44,705413.5711,Age0_F3_m3f3_P3_Y2_UO251,S3_F3_m3f3_P3_Y0_UO951,S3_F3_m3f3_P3_Y0_UO740,FXX,0,79.31279593099084,0,0,0.0,0,0,0,0.0,0.5,1,P2_CV0,2,1,1,2,0
3,2532969.44,705413.5711,Age0_F3_m3f3_P3_Y2_UO252,S3_F3_m3f3_P3_Y0_UO951,S3_F3_m3f3_P3_Y0_UO740,FXX,0,79.31279593099084,0,0,0.0,0,0,0,0.0,0.5,1,P2_CV0,2,1,1,2,0
3,2532969.44,705413.5711,Age0_F3_m3f3_P3_Y2_UO253,S3_F3_m3f3_P3_Y0_UO951,S3_F3_m3f3_P3_Y0_UO740,MXY,0,79.31279593099084,0,0,0.0,0,0,0,0.0,0.5,1,P2_CV0,2,1,1,2,0
3,2532969.44,705413.5711,Age0_F3_m3f3_P3_Y2_UO254,S3_F3_m3f3_P3_Y0_UO1086,S3_F3_m3f3_P3_Y0_UO1000,MXY,0,79.31279593099084,0,0,0.0,0,0,0,0.0,0.75,1,P2_CV0,2,1,1,2,0
3,2532969.44,705413.5711,Age0_F3_m3f3_P3_Y2_UO255,S3_F3_m3f3_P3_Y0_UO1086,S3_F3_m3f3_P3_Y0_UO1000,MXY,0,79.31279593099084,0,0,0.0,0,0,0,0.0,0.75,1,P2_CV0,2,1,1,2,0
3,2532969.44,705413.5711,Age0_F3_m3f3_P3_Y2_UO256,S3_F3_m3f3_P3_Y0_UO1086,S3_F3_m3f3_P3_Y0_UO1000,FXX,0,79.31279593099084,0,0,0.0,0,0,0,0.0,0.75,1,P2_CV0,2,1,1,2,0
3,2532969.44,705413.5711,Age0_F3_m3f3_P3_Y2_UO257,S3_F3_m3f3_P3_Y0_UO1086,S3_F3_m3f3_P3_Y0_UO1000,FXX,0,79.31279593099084,0,0,0.0,0,0,0,0.0,0.75,1,P2_CV0,2,1,1,2,0
3,2532969.44,705413.5711,Age0_F3_m3f3_P3_Y2_UO258,S3_F3_m3f3_P3_Y0_UO813,S3_F3_m3f3_P3_Y0_UO629,MXY,0,79.31279593099084,0,0,0.0,0,0,0,0.0,0.625,1,P2_CV0,2,1,1,1,1
3,2532969.44,705413.5711,Age0_F3_m3f3_P3_Y2_UO259,S3_F3_m3f3_P3_Y0_UO813,S3_F3_m3f3_P3_Y0_UO629,MXY,0,79.31279593099084,0,0,0.0,0,0,0,0.0,0.625,1,P2_CV0,2,2,0,1,1
3,2532969.44,705413.5711,Age0_F3_m3f3_P3_Y2_UO260,S3_F3_m3f3_P3_Y0_UO813,S3_F3_m3f3_P3_Y0_UO629,MXY,0,79.31279593099084,0,0,0.0,0,0,0,0.0,0.625,1,P2_CV0,2,1,1,0,2
3,2532969.44,705413.5711,Age0_F3_m3f3_P3_Y2_UO261,S3_F3_m3f3_P3_Y0_UO813,S3_F3_m3f3_P3_Y0_UO629,FXX,0,79.31279593099084,0,0,0.0,0,0,0,0.0,0.625,1,P2_CV0,2,2,0,0,2
3,2532969.44,705413.5711,Age0_F3_m3f3_P3_Y2_UO262,S3_F3_m3f3_P3_Y0_UO813,S3_F3_m3f3_P3_Y0_UO629,FXX,0,79.31279593099084,0,0,0.0,0,0,0,0.0,0.625,1,P2_CV0,2,1,1,1,1
3,2532969.44,705413.5711,Age0_F3_m3f3_P3_Y2_UO263,S3_F3_m3f3_P3_Y0_UO813,S3_F3_m3f3_P3_Y0_UO629,FXX,0,79.31279593099084,0,0,0.0,0,0,0,0.0,0.625,1,P2_CV0,2,1,1,0,2
3,2532969.44,705413.5711,Age0_F3_m3f3_P3_Y2_UO264,S3_F3_m3f3_P3_Y0_UO813,S3_F3_m3f3_P3_Y0_UO629,MXY,0,79.31279593099084,0,0,0.0,0,0,0,0.0,0.625,1,P2_CV0,2,0,2,0,2
3,2532969.44,705413.5711,Age0_F3_m3f3_P3_Y2_UO265,S3_F3_m3f3_P3_Y0_UO813,S3_F3_m3f3_P3_Y0_UO629,MXY,0,79.31279593099084,0,0,0.0,0,0,0,0.0,0.625,1,P2_CV0,2,1,1,0,2
3,2532969.44,705413.5711,Age0_F3_m3f3_P3_Y2_UO266,S3_F3_m3f3_P3_Y0_UO813,S3_F3_m3f3_P3_Y0_UO629,MXY,0,79.31279593099084,0,0,0.0,0,0,0,0.0,0.625,1,P2_CV0,2,1,1,1,1
3,2532969.44,705413.5711,Age0_F3_m3f3_P3_Y2_UO267,S3_F3_m3f3_P3_Y0_UO813,S3_F3_m3f3_P3_Y0_UO629,FXX,0,79.31279593099084,0,0,0.0,0,0,0,0.0,0.625,1,P2_CV0,2,0,2,0,2
3,2532969.44,705413.5711,Age0_F3_m3f3_P3_Y2_UO268,S3_F3_m3f3_P3_Y0_UO1028,S3_F3_m3f3_P3_Y0_UO961,MXY,0,79.31279593099084,0,0,0.0,0,0,0,0.0,0.375,1,P2_CV0,2,1,1,2,0
3,2532969.44,705413.5711,Age0_F3_m3f3_P3_Y2_UO269,S3_F3_m3f3_P3_Y0_UO1028,S3_F3_m3f3_P3_Y0_UO961,FXX,0,79.31279593099084,0,0,0.0,0,0,0,0.0,0.375,1,P2_CV0,2,1,1,2,0
3,2532969.44,705413.5711,Age0_F3_m3f3_P3_Y2_UO270,S3_F3_m3f3_P3_Y0_UO1028,S3_F3_m3f3_P3_Y0_UO961,FXX,0,79.31279593099084,0,0,0.0,0,0,0,0.0,0.375,1,P2_CV0,2,1,1,1,1
3,2532969.44,705413.5711,Age0_F3_m3f3_P3_Y2_UO271,S3_F3_m3f3_P3_Y0_UO1028,S3_F3_m3f3_P3_Y0_UO961,FXX,0,79.31279593099084,0,0,0.0,0,0,0,0.0,0.375,1,P2_CV0,2,1,1,1,1
3,2532969.44,705413.5711,Age0_F3_m3f3_P3_Y2_UO272,S3_F3_m3f3_P3_Y0_UO1028,S3_F3_m3f3_P3_Y0_UO961,FXX,0,79.31279593099084,0,0,0.0,0,0,0,0.0,0.375,1,P2_CV0,2,1,1,1,1
3,2532969.44,705413.5711,Age0_F3_m3f3_P3_Y2_UO273,S3_F3_m3f3_P3_Y0_UO1028,S3_F3_m3f3_P3_Y0_UO961,MXY,0,79.31279593099084,0,0,0.0,0,0,0,0.0,0.375,1,P2_CV0,2,1,1,1,1
3,2532969.44,705413.5711,Age0_F3_m3f3_P3_Y2_UO274,S3_F3_m3f3_P3_Y0_UO632,S3_F3_m3f3_P3_Y0_UO662,FXX,0,79.31279593099084,0,0,0.0,0,0,0,0.0,0.625,1,P2_CV0,2,0,2,2,0
3,2532969.44,705413.5711,Age0_F3_m3f3_P3_Y2_UO275,S3_F3_m3f3_P3_Y0_UO632,S3_F3_m3f3_P3_Y0_UO662,MXY,0,79.31279593099084,0,0,0.0,0,0,0,0.0,0.625,1,P2_CV0,2,2,0,2,0
3,2532969.44,705413.5711,Age0_F3_m3f3_P3_Y2_UO276,S3_F3_m3f3_P3_Y0_UO767,S3_F3_m3f3_P3_Y0_UO933,FXX,0,79.31279593099084,0,0,0.0,0,0,0,0.0,0.625,1,P2_CV0,2,1,1,0,2
3,2532969.44,705413.5711,Age0_F3_m3f3_P3_Y2_UO277,S3_F3_m3f3_P3_Y0_UO767,S3_F3_m3f3_P3_Y0_UO933,MXY,0,79.31279593099084,0,0,0.0,0,0,0,0.0,0.625,1,P2_CV0,2,0,2,0,2
3,2532969.44,705413.5711,Age0_F3_m3f3_P3_Y2_UO278,S3_F3_m3f3_P3_Y0_UO767,S3_F3_m3f3_P3_Y0_UO933,FXX,0,79.31279593099084,0,0,0.0,0,0,0,0.0,0.625,1,P2_CV0,2,0,2,0,2
3,2532969.44,705413.5711,Age0_F3_m3f3_P3_Y2_UO279,S3_F3_m3f3_P3_Y0_UO767,S3_F3_m3f3_P3_Y0_UO933,MXY,0,79.31279593099084,0,0,0.0,0,0,0,0.0,0.625,1,P2_CV0,2,0,2,1,1
3,2532969.44,705413.5711,Age0_F3_m3f3_P3_Y2_UO280,S3_F3_m3f3_P3_Y0_UO767,S3_F3_m3f3_P3_Y0_UO933,FXX,0,79.31279593099084,0,0,0.0,0,0,0,0.0,0.625,1,P2_CV0,2,0,2,0,2
3,2532969.44,705413.5711,Age0_F3_m3f3_P3_Y2_UO281,S3_F3_m3f3_P3_Y0_UO767,S3_F3_m3f3_P3_Y0_UO933,FXX,0,79.31279593099084,0,0,0.0,0,0,0,0.0,0.625,1,P2_CV0,2,0,2,0,2
3,2532969.44,705413.5711,Age0_F3_m3f3_P3_Y2_UO282,S3_F3_m3f3_P3_Y0_UO767,S3_F3_m3f3_P3_Y0_UO933,FXX,0,79.31279593099084,0,0,0.0,0,0,0,0.0,0.625,1,P2_CV0,2,0,2,1,1
3,2532969.44,705413.5711,Age0_F3_m3f3_P3_Y2_UO283,S3_F3_m3f3_P3_Y0_UO1178,S3_F3_m3f3_P3_Y0_UO1077,FXX,0,79.31279593099084,0,0,0.0,0,0,0,0.0,0.625,1,P2_CV0,2,2,0,1,1
3,2532969.44,705413.5711,Age0_F3_m3f3_P3_Y2_UO284,S3_F3_m3f3_P3_Y0_UO1178,S3_F3_m3f3_P3_Y0_UO1077,FXX,0,79.31279593099084,0,0,0.0,0,0,0,0.0,0.625,1,P2_CV0,2,2,0,1,1
3,2532969.44,705413.5711,Age0_F3_m3f3_P3_Y2_UO285,S3_F3_m3f3_P3_Y0_UO1178,S3_F3_m3f3_P3_Y0_UO1077,FXX,0,79.31279593099084,0,0,0.0,0,0,0,0.0,0.625,1,P2_CV0,2,2,0,2,0
3,2532969.44,705413.5711,Age0_F3_m3f3_P3_Y2_UO286,S3_F3_m3f3_P3_Y0_UO1178,S3_F3_m3f3_P3_Y0_UO1077,FXX,0,79.31279593099084,0,0,0.0,0,0,0,0.0,0.625,1,P2_CV0,2,2,0,1,1
3,2532969.44,705413.5711,Age0_F3_m3f3_P3_Y2_UO287,S3_F3_m3f3_P3_Y0_UO912,S3_F3_m3f3_P3_Y0_UO634,MXY,0,79.31279593099084,0,0,0.0,0,0,0,0.0,0.625,1,P2_CV0,2,2,0,0,2
3,2532969.44,705413.5711,Age0_F3_m3f3_P3_Y2_UO288,S3_F3_m3f3_P3_Y0_UO912,S3_F3_m3f3_P3_Y0_UO634,MXY,0,79.31279593099084,0,0,0.0,0,0,0,0.0,0.625,1,P2_CV0,2,2,0,0,2
3,2532969.44,705413.5711,Age0_F3_m3f3_P3_Y2_UO289,S3_F3_m3f3_P3_Y0_UO912,S3_F3_m3f3_P3_Y0_UO634,FXX,0,79.31279593099084,0,0,0.0,0,0,0,0.0,0.625,1,P2_CV0,2,2,0,1,1
3,2532969.44,705413.5711,Age0_F3_m3f3_P3_Y2_UO290,S3_F3_m3f3_P3_Y0_UO912,S3_F3_m3f3_P3_Y0_UO634,FXX,0,79.31279593099084,0,0,0.0,0,0,0,0.0,0.625,1,P2_CV0,2,1,1,1,1
3,2532969.44,705413.5711,Age0_F3_m3f3_P3_Y2_UO291,S3_F3_m3f3_P3_Y0_UO912,S3_F3_m3f3_P3_Y0_UO634,MXY,0,79.31279593099084,0,0,0.0,0,0,0,0.0,0.625,1,P2_CV0,2,2,0,0,2
3,2532969.44,705413.5711,Age0_F3_m3f3_P3_Y2_UO292,S3_F3_m3f3_P3_Y0_UO912,S3_F3_m3f3_P3_Y0_UO634,MXY,0,79.31279593099084,0,0,0.0,0,0,0,0.0,0.625,1,P2_CV0,2,1,1,1,1
3,2532969.44,705413.5711,Age0_F3_m3f3_P3_Y2_UO293,S3_F3_m3f3_P3_Y0_UO912,S3_F3_m3f3_P3_Y0_UO634,MXY,0,79.31279593099084,0,0,0.0,0,0,0,0.0,0.625,1,P2_CV0,2,2,0,1,1
3,2532969.44,705413.5711,Age0_F3_m3f3_P3_Y2_UO294,S3_F3_m3f3_P3_Y0_UO931,S3_F3_m3f3_P3_Y0_UO840,FXX,0,79.31279593099084,0,0,0.0,0,0,0,0.0,0.5,1,P2_CV0,2,1,1,1,1
3,2532969.44,705413.5711,Age0_F3_m3f3_P3_Y2_UO295,S3_F3_m3f3_P3_Y0_UO931,S3_F3_m3f3_P3_Y0_UO840,MXY,0,79.31279593099084,0,0,0.0,0,0,0,0.0,0.5,1,P2_CV0,2,0,2,1,1
3,2532969.44,705413.5711,Age0_F3_m3f3_P3_Y2_UO296,S3_F3_m3f3_P3_Y0_UO931,S3_F3_m3f3_P3_Y0_UO840,FXX,0,79.31279593099084,0,0,0.0,0,0,0,0.0,0.5,1,P2_CV0,2,0,2,1,1
3,2532969.44,705413.5711,Age0_F3_m3f3_P3_Y2_UO297,S3_F3_m3f3_P3_Y0_UO931,S3_F3_m3f3_P3_Y0_UO840,FXX,0,79.31279593099084,0,0,0.0,0,0,0,0.0,0.5,1,P2_CV0,2,1,1,1,1
3,2532969.44,705413.5711,Age0_F3_m3f3_P3_Y2_UO298,S3_F3_m3f3_P3_Y0_UO931,S3_F3_m3f3_P3_Y0_UO840,FXX,0,79.31279593099084,0,0,0.0,0,0,0,0.0,0.5,1,P2_CV0,2,0,2,1,1
3,2532969.44,705413.5711,Age0_F3_m3f3_P3_Y2_UO299,S3_F3_m3f3_P3_Y0_UO1029,S3_F3_m3f3_P3_Y0_UO1018,MXY,0,79.31279593099084,0,0,0.0,0,0,0,0.0,0.75,1,P2_CV0,2,2,0,1,1
3,2532969.44,705413.5711,Age0_F3_m3f3_P3_Y2_UO300,S3_F3_m3f3_P3_Y0_UO1029,S3_F3_m3f3_P3_Y0_UO1018,FXX,0,79.31279593099084,0,0,0.0,0,0,0,0.0,0.75,1,P2_CV0,2,2,0,1,1
3,2532969.44,705413.5711,Age0_F3_m3f3_P3_Y2_UO301,S3_F3_m3f3_P3_Y0_UO1029,S3_F3_m3f3_P3_Y0_UO1018,MXY,0,79.31279593099084,0,0,0.0,0,0,0,0.0,0.75,1,P2_CV0,2,2,0,1,1
3,2532969.44,705413.5711,Age0_F3_m3f3_P3_Y2_UO302,S3_F3_m3f3_P3_Y0_UO816,S3_F3_m3f3_P3_Y0_UO1156,FXX,0,79.31279593099084,0,0,0.0,0,0,0,0.0,0.5,1,P2_CV0,2,1,1,0,2
3,2532969.44,705413.5711,Age0_F3_m3f3_P3_Y2_UO303,S3_F3_m3f3_P3_Y0_UO816,S3_F3_m3f3_P3_Y0_UO1156,MXY,0,79.31279593099084,0,0,0.0,0,0,0,0.0,0.5,1,P2_CV0,2,1,1,0,2
3,2532969.44,705413.5711,Age0_F3_m3f3_P3_Y2_UO304,S3_F3_m3f3_P3_Y0_UO816,S3_F3_m3f3_P3_Y0_UO1156,MXY,0,79.31279593099084,0,0,0.0,0,0,0,0.0,0.5,1,P2_CV0,2,0,2,0,2
3,2532969.44,705413.5711,Age0_F3_m3f3_P3_Y2_UO305,S3_F3_m3f3_P3_Y0_UO816,S3_F3_m3f3_P3_Y0_UO1156,FXX,0,79.31279593099084,0,0,0.0,0,0,0,0.0,0.5,1,P2_CV0,2,1,1,0,2
3,2532969.44,705413.5711,Age0_F3_m3f3_P3_Y2_UO306,S3_F3_m3f3_P3_Y0_UO685,S3_F3_m3f3_P3_Y0_UO613,MXY,0,79.31279593099084,0,0,0.0,0,0,0,0.0,0.375,1,P2_CV0,2,1,1,1,1
3,2532969.44,705413.5711,Age0_F3_m3f3_P3_Y2_UO307,S3_F3_m3f3_P3_Y0_UO685,S3_F3_m3f3_P3_Y0_UO613,FXX,0,79.31279593099084,0,0,0.0,0,0,0,0.0,0.375,1,P2_CV0,2,1,1,0,2
3,2532969.44,705413.5711,Age0_F3_m3f3_P3_Y2_UO308,S3_F3_m3f3_P3_Y0_UO685,S3_F3_m3f3_P3_Y0_UO613,FXX,0,79.31279593099084,0,0,0.0,0,0,0,0.0,0.375,1,P2_CV0,2,1,1,1,1
3,2532969.44,705413.5711,Age0_F3_m3f3_P3_Y2_UO309,S3_F3_m3f3_P3_Y0_UO685,S3_F3_m3f3_P3_Y0_UO613,FXX,0,79.31279593099084,0,0,0.0,0,0,0,0.0,0.375,1,P2_CV0,2,0,2,0,2
3,2532969.44,705413.5711,Age0_F3_m3f3_P3_Y2_UO310,S3_F3_m3f3_P3_Y0_UO685,S3_F3_m3f3_P3_Y0_UO613,MXY,0,79.31279593099084,0,0,0.0,0,0,0,0.0,0.375,1,P2_CV0,2,1,1,1,1
3,2532969.44,705413.5711,Age0_F3_m3f3_P3_Y2_UO311,S3_F3_m3f3_P3_Y0_UO685,S3_F3_m3f3_P3_Y0_UO613,FXX,0,79.31279593099084,0,0,0.0,0,0,0,0.0,0.375,1,P2_CV0,2,0,2,1,1
3,2532969.44,705413.5711,Age0_F3_m3f3_P3_Y2_UO312,S3_F3_m3f3_P3_Y0_UO1089,S3_F3_m3f3_P3_Y0_UO662,MXY,0,79.31279593099084,0,0,0.0,0,0,0,0.0,0.5,1,P2_CV0,2,0,2,2,0
3,2532969.44,705413.5711,Age0_F3_m3f3_P3_Y2_UO313,S3_F3_m3f3_P3_Y0_UO1089,S3_F3_m3f3_P3_Y0_UO662,FXX,0,79.31279593099084,0,0,0.0,0,0,0,0.0,0.5,1,P2_CV0,2,0,2,1,1
3,2532969.44,705413.5711,Age0_F3_m3f3_P3_Y2_UO314,S3_F3_m3f3_P3_Y0_UO618,S3_F3_m3f3_P3_Y0_UO981,FXX,0,79.31279593099084,0,0,0.0,0,0,0,0.0,0.75,1,P2_CV0,2,2,0,1,1
3,2532969.44,705413.5711,Age0_F3_m3f3_P3_Y2_UO315,S3_F3_m3f3_P3_Y0_UO618,S3_F3_m3f3_P3_Y0_UO981,MXY,0,79.31279593099084,0,0,0.0,0,0,0,0.0,0.75,1,P2_CV0,2,2,0,1,1
3,2532969.44,705413.5711,Age0_F3_m3f3_P3_Y2_UO316,S3_F3_m3f3_P3_Y0_UO618,S3_F3_m3f3_P3_Y0_UO981,MXY,0,79.31279593099084,0,0,0.0,0,0,0,0.0,0.75,1,P2_CV0,2,2,0,0,2
3,2532969.44,705413.5711,Age0_F3_m3f3_P3_Y2_UO317,S3_F3_m3f3_P3_Y0_UO618,S3_F3_m3f3_P3_Y0_UO981,MXY,0,79.31279593099084,0,0,0.0,0,0,0,0.0,0.75,1,P2_CV0,2,2,0,2,0
3,2532969.44,705413.5711,Age0_F3_m3f3_P3_Y2_UO318,S3_F3_m3f3_P3_Y0_UO618,S3_F3_m3f3_P3_Y0_UO981,MXY,0,79.31279593099084,0,0,0.0,0,0,0,0.0,0.75,1,P2_CV0,2,1,1,0,2
3,2532969.44,705413.5711,Age0_F3_m3f3_P3_Y2_UO319,S3_F3_m3f3_P3_Y0_UO803,S3_F3_m3f3_P3_Y0_UO961,MXY,0,79.31279593099084,0,0,0.0,0,0,0,0.0,0.375,1,P2_CV0,2,1,1,2,0
3,2532969.44,705413.5711,Age0_F3_m3f3_P3_Y2_UO320,S3_F3_m3f3_P3_Y0_UO803,S3_F3_m3f3_P3_Y0_UO961,MXY,0,79.31279593099084,0,0,0.0,0,0,0,0.0,0.375,1,P2_CV0,2,1,1,2,0
3,2532969.44,705413.5711,Age0_F3_m3f3_P3_Y2_UO321,S3_F3_m3f3_P3_Y0_UO803,S3_F3_m3f3_P3_Y0_UO961,MXY,0,79.31279593099084,0,0,0.0,0,0,0,0.0,0.375,1,P2_CV0,2,1,1,2,0
3,2532969.44,705413.5711,Age0_F3_m3f3_P3_Y2_UO322,S3_F3_m3f3_P3_Y0_UO656,S3_F3_m3f3_P3_Y0_UO1182,MXY,0,79.31279593099084,0,0,0.0,0,0,0,0.0,0.75,1,P2_CV0,2,2,0,2,0
3,2532969.44,705413.5711,Age0_F3_m3f3_P3_Y2_UO323,S3_F3_m3f3_P3_Y0_UO656,S3_F3_m3f3_P3_Y0_UO1182,FXX,0,79.31279593099084,0,0,0.0,0,0,0,0.0,0.75,1,P2_CV0,2,2,0,1,1
3,2532969.44,705413.5711,Age0_F3_m3f3_P3_Y2_UO324,S3_F3_m3f3_P3_Y0_UO656,S3_F3_m3f3_P3_Y0_UO1182,MXY,0,79.31279593099084,0,0,0.0,0,0,0,0.0,0.75,1,P2_CV0,2,1,1,2,0
3,2532969.44,705413.5711,Age0_F3_m3f3_P3_Y2_UO325,S3_F3_m3f3_P3_Y0_UO656,S3_F3_m3f3_P3_Y0_UO1182,FXX,0,79.31279593099084,0,0,0.0,0,0,0,0.0,0.75,1,P2_CV0,2,1,1,2,0
3,2532969.44,705413.5711,Age0_F3_m3f3_P3_Y2_UO326,S3_F3_m3f3_P3_Y0_UO798,S3_F3_m3f3_P3_Y0_UO634,FXX,0,79.31279593099084,0,0,0.0,0,0,0,0.0,0.625,1,P2_CV0,2,2,0,0,2
3,2532969.44,705413.5711,Age0_F3_m3f3_P3_Y2_UO327,S3_F3_m3f3_P3_Y0_UO798,S3_F3_m3f3_P3_Y0_UO634,MXY,0,79.31279593099084,0,0,0.0,0,0,0,0.0,0.625,1,P2_CV0,2,2,0,0,2
3,2532969.44,705413.5711,Age0_F3_m3f3_P3_Y2_UO328,S3_F3_m3f3_P3_Y0_UO798,S3_F3_m3f3_P3_Y0_UO634,FXX,0,79.31279593099084,0,0,0.0,0,0,0,0.0,0.625,1,P2_CV0,2,1,1,0,2
3,2532969.44,705413.5711,Age0_F3_m3f3_P3_Y2_UO329,S3_F3_m3f3_P3_Y0_UO798,S3_F3_m3f3_P3_Y0_UO634,MXY,0,79.31279593099084,0,0,0.0,0,0,0,0.0,0.625,1,P2_CV0,2,2,0,0,2
3,2532969.44,705413.5711,Age0_F3_m3f3_P3_Y2_UO330,S3_F3_m3f3_P3_Y0_UO798,S3_F3_m3f3_P3_Y0_UO634,MXY,0,79.31279593099084,0,0,0.0,0,0,0,0.0,0.625,1,P2_CV0,2,2,0,0,2
3,2532969.44,705413.5711,Age0_F3_m3f3_P3_Y2_UO331,S3_F3_m3f3_P3_Y0_UO798,S3_F3_m3f3_P3_Y0_UO634,FXX,0,79.31279593099084,0,0,0.0,0,0,0,0.0,0.625,1,P2_CV0,2,1,1,0,2
3,2532969.44,705413.5711,Age0_F3_m3f3_P3_Y2_UO332,S3_F3_m3f3_P3_Y0_UO798,S3_F3_m3f3_P3_Y0_UO634,FXX,0,79.31279593099084,0,0,0.0,0,0,0,0.0,0.625,1,P2_CV0,2,1,1,0,2
3,2532969.44,705413.5711,Age0_F3_m3f3_P3_Y2_UO333,S3_F3_m3f3_P3_Y0_UO798,S3_F3_m3f3_P3_Y0_UO634,MXY,0,79.31279593099084,0,0,0.0,0,0,0,0.0,0.625,1,P2_CV0,2,1,1,0,2
3,2532969.44,705413.5711,Age0_F3_m3f3_P3_Y2_UO334,S3_F3_m3f3_P3_Y0_UO798,S3_F3_m3f3_P3_Y0_UO634,MXY,0,79.31279593099084,0,0,0.0,0,0,0,0.0,0.625,1,P2_CV0,2,1,1,0,2
3,2532969.44,705413.5711,Age0_F3_m3f3_P3_Y2_UO335,S3_F3_m3f3_P3_Y0_UO798,S3_F3_m3f3_P3_Y0_UO634,FXX,0,79.31279593099084,0,0,0.0,0,0,0,0.0,0.625,1,P2_CV0,2,1,1,0,2
3,2532969.44,705413.5711,Age0_F3_m3f3_P3_Y2_UO336,S3_F3_m3f3_P3_Y0_UO798,S3_F3_m3f3_P3_Y0_UO634,FXX,0,79.31279593099084,0,0,0.0,0,0,0,0.0,0.625,1,P2_CV0,2,1,1,0,2
3,2532969.44,705413.5711,Age0_F3_m3f3_P3_Y2_UO337,S3_F3_m3f3_P3_Y0_UO1030,S3_F3_m3f3_P3_Y0_UO1156,FXX,0,79.31279593099084,0,0,0.0,0,0,0,0.0,0.625,1,P2_CV0,2,2,0,0,2
3,2532969.44,705413.5711,Age0_F3_m3f3_P3_Y2_UO338,S3_F3_m3f3_P3_Y0_UO1030,S3_F3_m3f3_P3_Y0_UO1156,FXX,0,79.31279593099084,0,0,0.0,0,0,0,0.0,0.625,1,P2_CV0,2,1,1,0,2
3,2532969.44,705413.5711,Age0_F3_m3f3_P3_Y2_UO339,S3_F3_m3f3_P3_Y0_UO717,S3_F3_m3f3_P3_Y0_UO629,MXY,0,79.31279593099084,0,0,0.0,0,0,0,0.0,0.75,1,P2_CV0,2,1,1,0,2
3,2532969.44,705413.5711,Age0_F3_m3f3_P3_Y2_UO340,S3_F3_m3f3_P3_Y0_UO717,S3_F3_m3f3_P3_Y0_UO629,MXY,0,79.31279593099084,0,0,0.0,0,0,0,0.0,0.75,1,P2_CV0,2,1,1,0,2
3,2532969.44,705413.5711,Age0_F3_m3f3_P3_Y2_UO341,S3_F3_m3f3_P3_Y0_UO717,S3_F3_m3f3_P3_Y0_UO629,FXX,0,79.31279593099084,0,0,0.0,0,0,0,0.0,0.75,1,P2_CV0,2,1,1,0,2
3,2532969.44,705413.5711,Age0_F3_m3f3_P3_Y2_UO342,S3_F3_m3f3_P3_Y0_UO717,S3_F3_m3f3_P3_Y0_UO629,FXX,0,79.31279593099084,0,0,0.0,0,0,0,0.0,0.75,1,P2_CV0,2,2,0,0,2
3,2532969.44,705413.5711,Age0_F3_m3f3_P3_Y2_UO343,S3_F3_m3f3_P3_Y0_UO717,S3_F3_m3f3_P3_Y0_UO629,MXY,0,79.31279593099084,0,0,0.0,0,0,0,0.0,0.75,1,P2_CV0,2,2,0,0,2
3,2532969.44,705413.5711,Age0_F3_m3f3_P3_Y2_UO344,S3_F3_m3f3_P3_Y0_UO811,S3_F3_m3f3_P3_Y0_UO1076,MXY,0,79.31279593099084,0,0,0.0,0,0,0,0.0,0.5,1,P2_CV0,2,1,1,2,0
3,2532969.44,705413.5711,Age0_F3_m3f3_P3_Y2_UO345,S3_F3_m3f3_P3_Y0_UO1079,S3_F3_m3f3_P3_Y0_UO795,FXX,0,79.31279593099084,0,0,0.0,0,0,0,0.0,0.25,1,P2_CV0,2,1,1,2,0
3,2532969.44,705413.5711,Age0_F3_m3f3_P3_Y2_UO346,S3_F3_m3f3_P3_Y0_UO1079,S3_F3_m3f3_P3_Y0_UO795,FXX,0,79.31279593099084,0,0,0.0,0,0,0,0.0,0.25,1,P2_CV0,2,0,2,2,0
3,2532969.44,705413.5711,Age0_F3_m3f3_P3_Y2_UO347,S3_F3_m3f3_P3_Y0_UO1079,S3_F3_m3f3_P3_Y0_UO795,MXY,0,79.31279593099084,0,0,0.0,0,0,0,0.0,0.25,1,P2_CV0,2,0,2,2,0
3,2532969.44,705413.5711,Age0_F3_m3f3_P3_Y2_UO348,S3_F3_m3f3_P3_Y0_UO1079,S3_F3_m3f3_P3_Y0_UO795,FXX,0,79.31279593099084,0,0,0.0,0,0,0,0.0,0.25,1,P2_CV0,2,1,1,2,0
3,2532969.44,705413.5711,Age0_F3_m3f3_P3_Y2_UO349,S3_F3_m3f3_P3_Y0_UO1079,S3_F3_m3f3_P3_Y0_UO795,MXY,0,79.31279593099084,0,0,0.0,0,0,0,0.0,0.25,1,P2_CV0,2,1,1,2,0
3,2532969.44,705413.5711,Age0_F3_m3f3_P3_Y2_UO350,S3_F3_m3f3_P3_Y0_UO1079,S3_F3_m3f3_P3_Y0_UO795,MXY,0,79.31279593099084,0,0,0.0,0,0,0,0.0,0.25,1,P2_CV0,2,1,1,2,0
3,2532969.44,705413.5711,Age0_F3_m3f3_P3_Y2_UO351,S3_F3_m3f3_P3_Y0_UO1079,S3_F3_m3f3_P3_Y0_UO795,FXX,0,79.31279593099084,0,0,0.0,0,0,0,0.0,0.25,1,P2_CV0,2,0,2,2,0
3,2532969.44,705413.5711,Age0_F3_m3f3_P3_Y2_UO352,S3_F3_m3f3_P3_Y0_UO804,S3_F3_m3f3_P3_Y0_UO1000,MXY,0,79.31279593099084,0,0,0.0,0,0,0,0.0,0.875,1,P2_CV0,2,2,0,2,0
3,2532969.44,705413.5711,Age0_F3_m3f3_P3_Y2_UO353,S3_F3_m3f3_P3_Y0_UO804,S3_F3_m3f3_P3_Y0_UO1000,FXX,0,79.31279593099084,0,0,0.0,0,0,0,0.0,0.875,1,P2_CV0,2,2,0,2,0
3,2532969.44,705413.5711,Age0_F3_m3f3_P3_Y2_UO354,S3_F3_m3f3_P3_Y0_UO804,S3_F3_m3f3_P3_Y0_UO1000,FXX,0,79.31279593099084,0,0,0.0,0,0,0,0.0,0.875,1,P2_CV0,2,2,0,2,0
3,2532969.44,705413.5711,Age0_F3_m3f3_P3_Y2_UO355,S3_F3_m3f3_P3_Y0_UO804,S3_F3_m3f3_P3_Y0_UO1000,FXX,0,79.31279593099084,0,0,0.0,0,0,0,0.0,0.875,1,P2_CV0,2,2,0,2,0
3,2532969.44,705413.5711,Age0_F3_m3f3_P3_Y2_UO356,S3_F3_m3f3_P3_Y0_UO804,S3_F3_m3f3_P3_Y0_UO1000,MXY,0,79.31279593099084,0,0,0.0,0,0,0,0.0,0.875,1,P2_CV0,2,2,0,2,0
3,2532969.44,705413.5711,Age0_F3_m3f3_P3_Y2_UO357,S3_F3_m-1f-1_P3_Y-1_U189,S3_F3_m3f3_P3_Y0_UO712,FXX,0,79.31279593099084,0,0,0.0,0,0,0,0.0,0.375,1,P2_CV0,2,1,1,0,2
3,2532969.44,705413.5711,Age0_F3_m3f3_P3_Y2_UO358,S3_F3_m-1f-1_P3_Y-1_U189,S3_F3_m3f3_P3_Y0_UO712,FXX,0,79.31279593099084,0,0,0.0,0,0,0,0.0,0.375,1,P2_CV0,2,1,1,1,1
3,2532969.44,705413.5711,Age0_F3_m3f3_P3_Y2_UO359,S3_F3_m-1f-1_P3_Y-1_U189,S3_F3_m3f3_P3_Y0_UO712,FXX,0,79.31279593099084,0,0,0.0,0,0,0,0.0,0.375,1,P2_CV0,2,1,1,1,1
3,2532969.44,705413.5711,Age0_F3_m3f3_P3_Y2_UO360,S3_F3_m-1f-1_P3_Y-1_U189,S3_F3_m3f3_P3_Y0_UO712,FXX,0,79.31279593099084,0,0,0.0,0,0,0,0.0,0.375,1,P2_CV0,2,1,1,0,2
3,2532969.44,705413.5711,Age0_F3_m3f3_P3_Y2_UO361,S3_F3_m-1f-1_P3_Y-1_U189,S3_F3_m3f3_P3_Y0_UO712,FXX,0,79.31279593099084,0,0,0.0,0,0,0,0.0,0.375,1,P2_CV0,2,1,1,1,1
3,2532969.44,705413.5711,Age0_F3_m3f3_P3_Y2_UO362,S3_F3_m-1f-1_P3_Y-1_U189,S3_F3_m3f3_P3_Y0_UO712,FXX,0,79.31279593099084,0,0,0.0,0,0,0,0.0,0.375,1,P2_CV0,2,1,1,0,2
3,2532969.44,705413.5711,Age0_F3_m3f3_P3_Y2_UO363,S3_F3_m-1f-1_P3_Y-1_U189,S3_F3_m3f3_P3_Y0_UO712,FXX,0,79.31279593099084,0,0,0.0,0,0,0,0.0,0.375,1,P2_CV0,2,1,1,0,2
3,2532969.44,705413.5711,Age0_F3_m3f3_P3_Y2_UO364,S3_F3_m-1f-1_P3_Y-1_U189,S3_F3_m3f3_P3_Y0_UO712,FXX,0,79.31279593099084,0,0,0.0,0,0,0,0.0,0.375,1,P2_CV0,2,1,1,1,1
3,2532969.44,705413.5711,Age0_F3_m3f3_P3_Y2_UO365,S3_F3_m-1f-1_P3_Y-1_U189,S3_F3_m3f3_P3_Y0_UO712,MXY,0,79.31279593099084,0,0,0.0,0,0,0,0.0,0.375,1,P2_CV0,2,1,1,0,2
5,2535011.582,720257.8531,E5_F5_m5f5_P5_Y1_UO548,S5_F5_m-1f-1_P5_Y-1_U83,S5_F5_m-1f-1_P5_Y-1_U165,MXY,1,111.65602203330548,1,1,0.0,0,0,0,-9999.0,0.0,1,P4_CV0,3,0,2,2,0
5,2535011.582,720257.8531,E5_F5_m5f5_P5_Y1_UO487,S5_F5_m-1f-1_P5_Y-1_U82,S5_F5_m-1f-1_P5_Y-1_U126,FXX,1,111.65602203330548,1,1,1.0,0,0,0,-9999.0,0.0,1,P4_CV0,3,0,2,1,1
5,2535011.582,720257.8531,E5_F5_m5f5_P5_Y1_UO536,S5_F5_m-1f-1_P5_Y-1_U71,S5_F5_m-1f-1_P5_Y-1_U16,MXY,1,111.65602203330548,1,1,0.0,0,0,0,-9999.0,0.75,1,P4_CV0,3,1,1,2,0
5,2535011.582,720257.8531,E5_F5_m5f5_P5_Y1_UO495,S5_F5_m-1f-1_P5_Y-1_U104,S5_F5_m-1f-1_P5_Y-1_U126,MXY,1,111.65602203330548,1,1,0.0,0,0,0,-9999.0,0.25,1,P4_CV0,3,0,2,0,2
5,2535011.582,720257.8531,E5_F5_m5f5_P5_Y1_UO503,S5_F5_m-1f-1_P5_Y-1_U28,S5_F5_m-1f-1_P5_Y-1_U26,FXX,1,111.65602203330548,1,1,1.0,0,0,0,-9999.0,0.25,1,P4_CV0,3,0,2,0,2
5,2535011.582,720257.8531,E5_F5_m5f5_P5_Y1_UO441,S5_F5_m-1f-1_P5_Y-1_U162,S5_F5_m-1f-1_P5_Y-1_U126,MXY,1,111.65602203330548,1,1,0.0,0,0,0,-9999.0,0.25,1,P4_CV0,3,1,1,1,1
5,2535011.582,720257.8531,E5_F5_m5f5_P5_Y1_UO472,S5_F5_m-1f-1_P5_Y-1_U96,S5_F5_m-1f-1_P5_Y-1_U157,FXX,1,111.65602203330548,1,1,1.0,0,0,0,-9999.0,0.75,1,P4_CV0,3,2,0,2,0
5,2535011.582,720257.8531,E5_F5_m5f5_P5_Y1_UO483,S5_F5_m-1f-1_P5_Y-1_U96,S5_F5_m-1f-1_P5_Y-1_U157,FXX,1,111.65602203330548,1,1,1.0,0,0,0,-9999.0,0.75,1,P4_CV0,3,2,0,2,0
5,2535011.582,720257.8531,E5_F5_m5f5_P5_Y1_UO547,S5_F5_m-1f-1_P5_Y-1_U176,S5_F5_m-1f-1_P5_Y-1_U186,FXX,1,111.65602203330548,1,1,1.0,0,0,0,-9999.0,1.0,1,P4_CV0,3,2,0,1,1
5,2535011.582,720257.8531,E5_F5_m5f5_P5_Y1_UO461,S5_F5_m-1f-1_P5_Y-1_U103,S5_F5_m-1f-1_P5_Y-1_U157,MXY,1,111.65602203330548,1,1,0.0,0,0,0,-9999.0,0.5,1,P4_CV0,3,1,1,2,0
5,2535011.582,720257.8531,E5_F5_m5f5_P5_Y1_UO465,S5_F5_m-1f-1_P5_Y-1_U103,S5_F5_m-1f-1_P5_Y-1_U157,FXX,1,111.65602203330548,1,1,1.0,0,0,0,-9999.0,0.5,1,P4_CV0,3,1,1,2,0
5,2535011.582,720257.8531,E5_F5_m5f5_P5_Y1_UO430,S5_F5_m-1f-1_P5_Y-1_U197,S5_F5_m-1f-1_P5_Y-1_U37,FXX,1,111.65602203330548,1,1,1.0,0,0,0,-9999.0,0.25,1,P4_CV0,3,1,1,2,0
5,2535011.582,720257.8531,E5_F5_m5f5_P5_Y1_UO519,S5_F5_m-1f-1_P5_Y-1_U149,S5_F5_m-1f-1_P5_Y-1_U157,FXX,1,111.65602203330548,1,1,1.0,0,0,0,-9999.0,0.75,1,P4_CV0,3,2,0,2,0
5,2535011.582,720257.8531,E5_F5_m5f5_P5_Y1_UO570,S5_F5_m-1f-1_P5_Y-1_U108,S5_F5_m-1f-1_P5_Y-1_U41,FXX,1,111.65602203330548,1,1,1.0,0,0,0,-9999.0,0.5,1,P4_CV0,3,1,1,1,1
5,2535011.582,720257.8531,E5_F5_m5f5_P5_Y1_UO599,S5_F5_m-1f-1_P5_Y-1_U117,S5_F5_m-1f-1_P5_Y-1_U70,MXY,1,111.65602203330548,1,1,0.0,0,0,0,-9999.0,0.5,1,P4_CV0,3,1,1,2,0
5,2535011.582,720257.8531,E5_F5_m5f5_P5_Y1_UO406,S5_F5_m-1f-1_P5_Y-1_U43,S5_F5_m-1f-1_P5_Y-1_U126,FXX,1,111.65602203330548,1,1,1.0,0,0,0,-9999.0,0.25,1,P4_CV0,3,1,1,0,2
5,2535011.582,720257.8531,E5_F5_m5f5_P5_Y1_UO529,S5_F5_m-1f-1_P5_Y-1_U44,S5_F5_m-1f-1_P5_Y-1_U161,FXX,1,111.65602203330548,1,1,1.0,0,0,0,-9999.0,0.75,1,P4_CV0,3,1,1,0,2
5,2535011.582,720257.8531,E5_F5_m5f5_P5_Y1_UO456,S5_F5_m-1f-1_P5_Y-1_U113,S5_F5_m-1f-1_P5_Y-1_U70,FXX,1,111.65602203330548,1,1,1.0,0,0,0,-9999.0,0.5,1,P4_CV0,3,1,1,1,1
5,2535011.582,720257.8531,E5_F5_m5f5_P5_Y1_UO602,S5_F5_m-1f-1_P5_Y-1_U117,S5_F5_m-1f-1_P5_Y-1_U70,FXX,1,111.65602203330548,1,1,1.0,0,0,0,-9999.0,0.5,1,P4_CV0,3,1,1,1,1
5,2535011.582,720257.8531,E5_F5_m5f5_P5_Y1_UO403,S5_F5_m-1f-1_P5_Y-1_U78,S5_F5_m-1f-1_P5_Y-1_U70,FXX,1,111.65602203330548,1,1,1.0,0,0,0,-9999.0,0.5,1,P4_CV0,3,1,1,1,1
5,2535011.582,720257.8531,E5_F5_m5f5_P5_Y1_UO468,S5_F5_m-1f-1_P5_Y-1_U103,S5_F5_m-1f-1_P5_Y-1_U157,FXX,1,111.65602203330548,1,1,1.0,0,0,0,-9999.0,0.5,1,P4_CV0,3,0,2,2,0
5,2535011.582,720257.8531,E5_F5_m5f5_P5_Y1_UO575,S5_F5_m-1f-1_P5_Y-1_U108,S5_F5_m-1f-1_P5_Y-1_U41,MXY,1,111.65602203330548,1,1,0.0,0,0,0,-9999.0,0.5,1,P4_CV0,3,1,1,1,1
5,2535011.582,720257.8531,E5_F5_m5f5_P5_Y1_UO400,S5_F5_m-1f-1_P5_Y-1_U169,S5_F5_m-1f-1_P5_Y-1_U95,MXY,1,111.65602203330548,1,1,0.0,0,0,0,-9999.0,0.5,1,P4_CV0,3,1,1,2,0
5,2535011.582,720257.8531,E5_F5_m5f5_P5_Y1_UO398,S5_F5_m-1f-1_P5_Y-1_U169,S5_F5_m-1f-1_P5_Y-1_U95,FXX,1,111.65602203330548,1,1,1.0,0,0,0,-9999.0,0.5,1,P4_CV0,3,1,1,2,0
5,2535011.582,720257.8531,E5_F5_m5f5_P5_Y1_UO462,S5_F5_m-1f-1_P5_Y-1_U103,S5_F5_m-1f-1_P5_Y-1_U157,MXY,1,111.65602203330548,1,1,0.0,0,0,0,-9999.0,0.5,1,P4_CV0,3,1,1,2,0
5,2535011.582,720257.8531,E5_F5_m5f5_P5_Y1_UO605,S5_F5_m-1f-1_P5_Y-1_U117,S5_F5_m-1f-1_P5_Y-1_U70,FXX,1,111.65602203330548,1,1,1.0,0,0,0,-9999.0,0.5,1,P4_CV0,3,1,1,2,0
5,2535011.582,720257.8531,E5_F5_m5f5_P5_Y1_UO551,S5_F5_m-1f-1_P5_Y-1_U83,S5_F5_m-1f-1_P5_Y-1_U165,FXX,1,111.65602203330548,1,1,1.0,0,0,0,-9999.0,0.0,1,P4_CV0,3,0,2,2,0
5,2535011.582,720257.8531,E5_F5_m5f5_P5_Y1_UO532,S5_F5_m-1f-1_P5_Y-1_U71,S5_F5_m-1f-1_P5_Y-1_U16,FXX,1,111.65602203330548,1,1,1.0,0,0,0,-9999.0,0.75,1,P4_CV0,3,2,0,2,0
5,2535011.582,720257.8531,E5_F5_m5f5_P5_Y1_UO579,S5_F5_m-1f-1_P5_Y-1_U148,S5_F5_m-1f-1_P5_Y-1_U51,MXY,1,111.65602203330548,1,1,0.0,0,0,0,-9999.0,0.5,1,P4_CV0,3,2,0,1,1
5,2535011.582,720257.8531,E5_F5_m5f5_P5_Y1_UO491,S5_F5_m-1f-1_P5_Y-1_U104,S5_F5_m-1f-1_P5_Y-1_U126,MXY,1,111.65602203330548,1,1,0.0,0,0,0,-9999.0,0.25,1,P4_CV0,3,0,2,0,2
5,2535011.582,720257.8531,E5_F5_m5f5_P5_Y1_UO460,S5_F5_m-1f-1_P5_Y-1_U103,S5_F5_m-1f-1_P5_Y-1_U157,FXX,1,111.65602203330548,1,1,1.0,0,0,0,-9999.0,0.5,1,P4_CV0,3,0,2,2,0
5,2535011.582,720257.8531,E5_F5_m5f5_P5_Y1_UO387,S5_F5_m-1f-1_P5_Y-1_U29,S5_F5_m-1f-1_P5_Y-1_U165,FXX,1,111.65602203330548,1,1,1.0,0,0,0,-9999.0,0.25,1,P4_CV0,3,1,1,2,0
5,2535011.582,720257.8531,E5_F5_m5f5_P5_Y1_UO549,S5_F5_m-1f-1_P5_Y-1_U83,S5_F5_m-1f-1_P5_Y-1_U165,FXX,1,111.65602203330548,1,1,1.0,0,0,0,-9999.0,0.0,1,P4_CV0,3,0,2,2,0
5,2535011.582,720257.8531,E5_F5_m5f5_P5_Y1_UO539,S5_F5_m-1f-1_P5_Y-1_U71,S5_F5_m-1f-1_P5_Y-1_U16,FXX,1,111.65602203330548,1,1,1.0,0,0,0,-9999.0,0.75,1,P4_CV0,3,1,1,2,0
5,2535011.582,720257.8531,E5_F5_m5f5_P5_Y1_UO591,S5_F5_m-1f-1_P5_Y-1_U152,S5_F5_m-1f-1_P5_Y-1_U70,MXY,1,111.65602203330548,1,1,0.0,0,0,0,-9999.0,0.5,1,P4_CV0,3,1,1,2,0
5,2535011.582,720257.8531,E5_F5_m5f5_P5_Y1_UO509,S5_F5_m-1f-1_P5_Y-1_U28,S5_F5_m-1f-1_P5_Y-1_U26,FXX,1,111.65602203330548,1,1,1.0,0,0,0,-9999.0,0.25,1,P4_CV0,3,1,1,0,2
5,2535011.582,720257.8531,E5_F5_m5f5_P5_Y1_UO506,S5_F5_m-1f-1_P5_Y-1_U28,S5_F5_m-1f-1_P5_Y-1_U26,MXY,1,111.65602203330548,1,1,0.0,0,0,0,-9999.0,0.25,1,P4_CV0,3,0,2,0,2
5,2535011.582,720257.8531,E5_F5_m5f5_P5_Y1_UO454,S5_F5_m-1f-1_P5_Y-1_U113,S5_F5_m-1f-1_P5_Y-1_U70,MXY,1,111.65602203330548,1,1,0.0,0,0,0,-9999.0,0.5,1,P4_CV0,3,1,1,1,1
5,2535011.582,720257.8531,E5_F5_m5f5_P5_Y1_UO499,S5_F5_m-1f-1_P5_Y-1_U106,S5_F5_m-1f-1_P5_Y-1_U2,MXY,1,111.65602203330548,1,1,0.0,0,0,0,-9999.0,0.5,1,P4_CV0,3,1,1,1,1
5,2535011.582,720257.8531,E5_F5_m5f5_P5_Y1_UO518,S5_F5_m-1f-1_P5_Y-1_U149,S5_F5_m-1f-1_P5_Y-1_U157,FXX,1,111.65602203330548,1,1,1.0,0,0,0,-9999.0,0.75,1,P4_CV0,3,1,1,2,0
5,2535011.582,720257.8531,E5_F5_m5f5_P5_Y1_UO522,S5_F5_m-1f-1_P5_Y-1_U44,S5_F5_m-1f-1_P5_Y-1_U161,FXX,1,111.65602203330548,1,1,1.0,0,0,0,-9999.0,0.75,1,P4_CV0,3,2,0,0,2
5,2535011.582,720257.8531,E5_F5_m5f5_P5_Y1_UO417,S5_F5_m-1f-1_P5_Y-1_U18,S5_F5_m-1f-1_P5_Y-1_U126,MXY,1,111.65602203330548,1,1,0.0,0,0,0,-9999.0,0.25,1,P4_CV0,3,0,2,1,1
5,2535011.582,720257.8531,E5_F5_m5f5_P5_Y1_UO392,S5_F5_m-1f-1_P5_Y-1_U14,S5_F5_m-1f-1_P5_Y-1_U89,FXX,1,111.65602203330548,1,1,1.0,0,0,0,-9999.0,0.75,1,P4_CV0,3,2,0,2,0
5,2535011.582,720257.8531,E5_F5_m5f5_P5_Y1_UO559,S5_F5_m-1f-1_P5_Y-1_U146,S5_F5_m-1f-1_P5_Y-1_U13,FXX,1,111.65602203330548,1,1,1.0,0,0,0,-9999.0,0.75,1,P4_CV0,3,1,1,0,2
5,2535011.582,720257.8531,E5_F5_m5f5_P5_Y1_UO449,S5_F5_m-1f-1_P5_Y-1_U113,S5_F5_m-1f-1_P5_Y-1_U70,FXX,1,111.65602203330548,1,1,1.0,0,0,0,-9999.0,0.5,1,P4_CV0,3,1,1,1,1
5,2535011.582,720257.8531,E5_F5_m5f5_P5_Y1_UO584,S5_F5_m-1f-1_P5_Y-1_U148,S5_F5_m-1f-1_P5_Y-1_U51,MXY,1,111.65602203330548,1,1,0.0,0,0,0,-9999.0,0.5,1,P4_CV0,3,1,1,1,1
5,2535011.582,720257.8531,E5_F5_m5f5_P5_Y1_UO476,S5_F5_m-1f-1_P5_Y-1_U96,S5_F5_m-1f-1_P5_Y-1_U157,FXX,1,111.65602203330548,1,1,1.0,0,0,0,-9999.0,0.75,1,P4_CV0,3,1,1,2,0
5,2535011.582,720257.8531,E5_F5_m5f5_P5_Y1_UO586,S5_F5_m-1f-1_P5_Y-1_U148,S5_F5_m-1f-1_P5_Y-1_U51,FXX,1,111.65602203330548,1,1,1.0,0,0,0,-9999.0,0.5,1,P4_CV0,3,1,1,1,1
5,2535011.582,720257.8531,E5_F5_m5f5_P5_Y1_UO507,S5_F5_m-1f-1_P5_Y-1_U28,S5_F5_m-1f-1_P5_Y-1_U26,FXX,1,111.65602203330548,1,1,1.0,0,0,0,-9999.0,0.25,1,P4_CV0,3,1,1,0,2
5,2535011.582,720257.8531,E5_F5_m5f5_P5_Y1_UO469,S5_F5_m-1f-1_P5_Y-1_U103,S5_F5_m-1f-1_P5_Y-1_U157,MXY,1,111.65602203330548,1,1,0.0,0,0,0,-9999.0,0.5,1,P4_CV0,3,1,1,2,0
5,2535011.582,720257.8531,E5_F5_m5f5_P5_Y1_UO431,S5_F5_m-1f-1_P5_Y-1_U197,S5_F5_m-1f-1_P5_Y-1_U37,MXY,1,111.65602203330548,1,1,0.0,0,0,0,-9999.0,0.25,1,P4_CV0,3,1,1,1,1
5,2535011.582,720257.8531,E5_F5_m5f5_P5_Y1_UO516,S5_F5_m-1f-1_P5_Y-1_U149,S5_F5_m-1f-1_P5_Y-1_U157,MXY,1,111.65602203330548,1,1,0.0,0,0,0,-9999.0,0.75,1,P4_CV0,3,2,0,2,0
5,2535011.582,720257.8531,E5_F5_m5f5_P5_Y1_UO541,S5_F5_m-1f-1_P5_Y-1_U71,S5_F5_m-1f-1_P5_Y-1_U16,FXX,1,111.65602203330548,1,1,1.0,0,0,0,-9999.0,0.75,1,P4_CV0,3,1,1,2,0
5,2535011.582,720257.8531,E5_F5_m5f5_P5_Y1_UO464,S5_F5_m-1f-1_P5_Y-1_U103,S5_F5_m-1f-1_P5_Y-1_U157,MXY,1,111.65602203330548,1,1,0.0,0,0,0,-9999.0,0.5,1,P4_CV0,3,1,1,2,0
5,2535011.582,720257.8531,E5_F5_m5f5_P5_Y1_UO512,S5_F5_m-1f-1_P5_Y-1_U149,S5_F5_m-1f-1_P5_Y-1_U157,MXY,1,111.65602203330548,1,1,0.0,0,0,0,-9999.0,0.75,1,P4_CV0,3,1,1,2,0
5,2535011.582,720257.8531,E5_F5_m5f5_P5_Y1_UO560,S5_F5_m-1f-1_P5_Y-1_U146,S5_F5_m-1f-1_P5_Y-1_U13,MXY,1,111.65602203330548,1,1,0.0,0,0,0,-9999.0,0.75,1,P4_CV0,3,1,1,1,1
5,2535011.582,720257.8531,E5_F5_m5f5_P5_Y1_UO451,S5_F5_m-1f-1_P5_Y-1_U113,S5_F5_m-1f-1_P5_Y-1_U70,FXX,1,111.65602203330548,1,1,1.0,0,0,0,-9999.0,0.5,1,P4_CV0,3,1,1,1,1
5,2535011.582,720257.8531,E5_F5_m5f5_P5_Y1_UO409,S5_F5_m-1f-1_P5_Y-1_U43,S5_F5_m-1f-1_P5_Y-1_U126,FXX,1,111.65602203330548,1,1,1.0,0,0,0,-9999.0,0.25,1,P4_CV0,3,0,2,1,1
5,2535011.582,720257.8531,E5_F5_m5f5_P5_Y1_UO561,S5_F5_m-1f-1_P5_Y-1_U146,S5_F5_m-1f-1_P5_Y-1_U13,FXX,1,111.65602203330548,1,1,1.0,0,0,0,-9999.0,0.75,1,P4_CV0,3,2,0,1,1
5,2535011.582,720257.8531,E5_F5_m5f5_P5_Y1_UO538,S5_F5_m-1f-1_P5_Y-1_U71,S5_F5_m-1f-1_P5_Y-1_U16,FXX,1,111.65602203330548,1,1,1.0,0,0,0,-9999.0,0.75,1,P4_CV0,3,2,0,2,0
5,2535011.582,720257.8531,E5_F5_m5f5_P5_Y1_UO466,S5_F5_m-1f-1_P5_Y-1_U103,S5_F5_m-1f-1_P5_Y-1_U157,FXX,1,111.65602203330548,1,1,1.0,0,0,0,-9999.0,0.5,1,P4_CV0,3,1,1,2,0
5,2535011.582,720257.8531,E5_F5_m5f5_P5_Y1_UO564,S5_F5_m-1f-1_P5_Y-1_U146,S5_F5_m-1f-1_P5_Y-1_U13,MXY,1,111.65602203330548,1,1,0.0,0,0,0,-9999.0,0.75,1,P4_CV0,3,1,1,1,1
5,2535011.582,720257.8531,E5_F5_m5f5_P5_Y1_UO453,S5_F5_m-1f-1_P5_Y-1_U113,S5_F5_m-1f-1_P5_Y-1_U70,FXX,1,111.65602203330548,1,1,1.0,0,0,0,-9999.0,0.5,1,P4_CV0,3,1,1,1,1
5,2535011.582,720257.8531,E5_F5_m5f5_P5_Y1_UO443,S5_F5_m-1f-1_P5_Y-1_U162,S5_F5_m-1f-1_P5_Y-1_U126,MXY,1,111.65602203330548,1,1,0.0,0,0,0,-9999.0,0.25,1,P4_CV0,3,0,2,0,2
5,2535011.582,720257.8531,E5_F5_m5f5_P5_Y1_UO484,S5_F5_m-1f-1_P5_Y-1_U82,S5_F5_m-1f-1_P5_Y-1_U126,FXX,1,111.65602203330548,1,1,1.0,0,0,0,-9999.0,0.0,1,P4_CV0,3,0,2,0,2
5,2535011.582,720257.8531,E5_F5_m5f5_P5_Y1_UO525,S5_F5_m-1f-1_P5_Y-1_U44,S5_F5_m-1f-1_P5_Y-1_U161,MXY,1,111.65602203330548,1,1,0.0,0,0,0,-9999.0,0.75,1,P4_CV0,3,2,0,0,2
5,2535011.582,720257.8531,E5_F5_m5f5_P5_Y1_UO566,S5_F5_m-1f-1_P5_Y-1_U146,S5_F5_m-1f-1_P5_Y-1_U13,FXX,1,111.65602203330548,1,1,1.0,0,0,0,-9999.0,0.75,1,P4_CV0,3,1,1,0,2
5,2535011.582,720257.8531,E5_F5_m5f5_P5_Y1_UO569,S5_F5_m-1f-1_P5_Y-1_U108,S5_F5_m-1f-1_P5_Y-1_U41,MXY,1,111.65602203330548,1,1,0.0,0,0,0,-9999.0,0.5,1,P4_CV0,3,1,1,2,0
5,2535011.582,720257.8531,E5_F5_m5f5_P5_Y1_UO418,S5_F5_m-1f-1_P5_Y-1_U18,S5_F5_m-1f-1_P5_Y-1_U126,MXY,1,111.65602203330548,1,1,0.0,0,0,0,-9999.0,0.25,1,P4_CV0,3,0,2,1,1
5,2535011.582,720257.8531,E5_F5_m5f5_P5_Y1_UO435,S5_F5_m-1f-1_P5_Y-1_U138,S5_F5_m-1f-1_P5_Y-1_U89,MXY,1,111.65602203330548,1,1,0.0,0,0,0,-9999.0,0.75,1,P4_CV0,3,2,0,0,2
5,2535011.582,720257.8531,E5_F5_m5f5_P5_Y1_UO530,S5_F5_m-1f-1_P5_Y-1_U71,S5_F5_m-1f-1_P5_Y-1_U16,MXY,1,111.65602203330548,1,1,0.0,0,0,0,-9999.0,0.75,1,P4_CV0,3,2,0,2,0
5,2535011.582,720257.8531,E5_F5_m5f5_P5_Y1_UO540,S5_F5_m-1f-1_P5_Y-1_U71,S5_F5_m-1f-1_P5_Y-1_U16,FXX,1,111.65602203330548,1,1,1.0,0,0,0,-9999.0,0.75,1,P4_CV0,3,1,1,2,0
5,2535011.582,720257.8531,E5_F5_m5f5_P5_Y1_UO527,S5_F5_m-1f-1_P5_Y-1_U44,S5_F5_m-1f-1_P5_Y-1_U161,FXX,1,111.65602203330548,1,1,1.0,0,0,0,-9999.0,0.75,1,P4_CV0,3,2,0,0,2
5,2535011.582,720257.8531,E5_F5_m5f5_P5_Y1_UO427,S5_F5_m-1f-1_P5_Y-1_U180,S5_F5_m-1f-1_P5_Y-1_U70,FXX,1,111.65602203330548,1,1,1.0,0,0,0,-9999.0,0.5,1,P4_CV0,3,1,1,1,1
5,2535011.582,720257.8531,E5_F5_m5f5_P5_Y1_UO580,S5_F5_m-1f-1_P5_Y-1_U148,S5_F5_m-1f-1_P5_Y-1_U51,FXX,1,111.65602203330548,1,1,1.0,0,0,0,-9999.0,0.5,1,P4_CV0,3,1,1,1,1
5,2535011.582,720257.8531,E5_F5_m5f5_P5_Y1_UO498,S5_F5_m-1f-1_P5_Y-1_U106,S5_F5_m-1f-1_P5_Y-1_U2,MXY,1,111.65602203330548,1,1,0.0,0,0,0,-9999.0,0.5,1,P4_CV0,3,1,1,1,1
5,2535011.582,720257.8531,E5_F5_m5f5_P5_Y1_UO410,S5_F5_m-1f-1_P5_Y-1_U43,S5_F5_m-1f-1_P5_Y-1_U126,MXY,1,111.65602203330548,1,1,0.0,0,0,0,-9999.0,0.25,1,P4_CV0,3,0,2,1,1
5,2535011.582,720257.8531,E5_F5_m5f5_P5_Y1_UO576,S5_F5_m-1f-1_P5_Y-1_U108,S5_F5_m-1f-1_P5_Y-1_U41,MXY,1,111.65602203330548,1,1,0.0,0,0,0,-9999.0,0.5,1,P4_CV0,3,1,1,2,0
5,2535011.582,720257.8531,E5_F5_m5f5_P5_Y1_UO543,S5_F5_m-1f-1_P5_Y-1_U176,S5_F5_m-1f-1_P5_Y-1_U186,FXX,1,111.65602203330548,1,1,1.0,0,0,0,-9999.0,1.0,1,P4_CV0,3,2,0,1,1
5,2535011.582,720257.8531,E5_F5_m5f5_P5_Y1_UO450,S5_F5_m-1f-1_P5_Y-1_U113,S5_F5_m-1f-1_P5_Y-1_U70,MXY,1,111.65602203330548,1,1,0.0,0,0,0,-9999.0,0.5,1,P4_CV0,3,1,1,1,1
5,2535011.582,720257.8531,E5_F5_m5f5_P5_Y1_UO590,S5_F5_m-1f-1_P5_Y-1_U152,S5_F5_m-1f-1_P5_Y-1_U70,FXX,1,111.65602203330548,1,1,1.0,0,0,0,-9999.0,0.5,1,P4_CV0,3,1,1,1,1
5,2535011.582,720257.8531,E5_F5_m5f5_P5_Y1_UO504,S5_F5_m-1f-1_P5_Y-1_U28,S5_F5_m-1f-1_P5_Y-1_U26,MXY,1,111.65602203330548,1,1,0.0,0,0,0,-9999.0,0.25,1,P4_CV0,3,1,1,0,2
5,2535011.582,720257.8531,E5_F5_m5f5_P5_Y1_UO407,S5_F5_m-1f-1_P5_Y-1_U43,S5_F5_m-1f-1_P5_Y-1_U126,MXY,1,111.65602203330548,1,1,0.0,0,0,0,-9999.0,0.25,1,P4_CV0,3,0,2,1,1
5,2535011.582,720257.8531,E5_F5_m5f5_P5_Y1_UO612,S5_F5_m-1f-1_P5_Y-1_U59,S5_F5_m-1f-1_P5_Y-1_U51,MXY,1,111.65602203330548,1,1,0.0,0,0,0,-9999.0,0.5,1,P4_CV0,3,2,0,1,1
5,2535011.582,720257.8531,E5_F5_m5f5_P5_Y1_UO511,S5_F5_m-1f-1_P5_Y-1_U28,S5_F5_m-1f-1_P5_Y-1_U26,FXX,1,111.65602203330548,1,1,1.0,0,0,0,-9999.0,0.25,1,P4_CV0,3,0,2,0,2
5,2535011.582,720257.8531,E5_F5_m5f5_P5_Y1_UO480,S5_F5_m-1f-1_P5_Y-1_U96,S5_F5_m-1f-1_P5_Y-1_U157,MXY,1,111.65602203330548,1,1,0.0,0,0,0,-9999.0,0.75,1,P4_CV0,3,2,0,2,0
5,2535011.582,720257.8531,E5_F5_m5f5_P5_Y1_UO514,S5_F5_m-1f-1_P5_Y-1_U149,S5_F5_m-1f-1_P5_Y-1_U157,FXX,1,111.65602203330548,1,1,1.0,0,0,0,-9999.0,0.75,1,P4_CV0,3,1,1,2,0
5,2535011.582,720257.8531,E5_F5_m5f5_P5_Y1_UO412,S5_F5_m-1f-1_P5_Y-1_U80,S5_F5_m-1f-1_P5_Y-1_U16,FXX,1,111.65602203330548,1,1,1.0,0,0,0,-9999.0,0.75,1,P4_CV0,3,2,0,2,0
5,2535011.582,720257.8531,E5_F5_m5f5_P5_Y1_UO490,S5_F5_m-1f-1_P5_Y-1_U104,S5_F5_m-1f-1_P5_Y-1_U126,FXX,1,111.65602203330548,1,1,1.0,0,0,0,-9999.0,0.25,1,P4_CV0,3,1,1,0,2
5,2535011.582,720257.8531,E5_F5_m5f5_P5_Y1_UO414,S5_F5_m-1f-1_P5_Y-1_U80,S5_F5_m-1f-1_P5_Y-1_U16,FXX,1,111.65602203330548,1,1,1.0,0,0,0,-9999.0,0.75,1,P4_CV0,3,2,0,1,1
5,2535011.582,720257.8531,E5_F5_m5f5_P5_Y1_UO513,S5_F5_m-1f-1_P5_Y-1_U149,S5_F5_m-1f-1_P5_Y-1_U157,FXX,1,111.65602203330548,1,1,1.0,0,0,0,-9999.0,0.75,1,P4_CV0,3,2,0,2,0
5,2535011.582,720257.8531,E5_F5_m5f5_P5_Y1_UO545,S5_F5_m-1f-1_P5_Y-1_U176,S5_F5_m-1f-1_P5_Y-1_U186,FXX,1,111.65602203330548,1,1,1.0,0,0,0,-9999.0,1.0,1,P4_CV0,3,2,0,1,1
5,2535011.582,720257.8531,E5_F5_m5f5_P5_Y1_UO467,S5_F5_m-1f-1_P5_Y-1_U103,S5_F5_m-1f-1_P5_Y-1_U157,MXY,1,111.65602203330548,1,1,0.0,0,0,0,-9999.0,0.5,1,P4_CV0,3,0,2,2,0
5,2535011.582,720257.8531,E5_F5_m5f5_P5_Y1_UO604,S5_F5_m-1f-1_P5_Y-1_U117,S5_F5_m-1f-1_P5_Y-1_U70,MXY,1,111.65602203330548,1,1,0.0,0,0,0,-9999.0,0.5,1,P4_CV0,3,1,1,0,2
5,2535011.582,720257.8531,E5_F5_m5f5_P5_Y1_UO598,S5_F5_m-1f-1_P5_Y-1_U117,S5_F5_m-1f-1_P5_Y-1_U70,FXX,1,111.65602203330548,1,1,1.0,0,0,0,-9999.0,0.5,1,P4_CV0,3,1,1,1,1
5,2535011.582,720257.8531,E5_F5_m5f5_P5_Y1_UO489,S5_F5_m-1f-1_P5_Y-1_U82,S5_F5_m-1f-1_P5_Y-1_U126,FXX,1,111.65602203330548,1,1,1.0,0,0,0,-9999.0,0.0,1,P4_CV0,3,0,2,0,2
5,2535011.582,720257.8531,E5_F5_m5f5_P5_Y1_UO557,S5_F5_m-1f-1_P5_Y-1_U146,S5_F5_m-1f-1_P5_Y-1_U13,FXX,1,111.65602203330548,1,1,1.0,0,0,0,-9999.0,0.75,1,P4_CV0,3,1,1,1,1
5,2535011.582,720257.8531,E5_F5_m5f5_P5_Y1_UO448,S5_F5_m-1f-1_P5_Y-1_U113,S5_F5_m-1f-1_P5_Y-1_U70,MXY,1,111.65602203330548,1,1,0.0,0,0,0,-9999.0,0.5,1,P4_CV0,3,1,1,1,1
5,2535011.582,720257.8531,E5_F5_m5f5_P5_Y1_UO531,S5_F5_m-1f-1_P5_Y-1_U71,S5_F5_m-1f-1_P5_Y-1_U16,FXX,1,111.65602203330548,1,1,1.0,0,0,0,-9999.0,0.75,1,P4_CV0,3,1,1,2,0
5,2535011.582,720257.8531,E5_F5_m5f5_P5_Y1_UO396,S5_F5_m-1f-1_P5_Y-1_U14,S5_F5_m-1f-1_P5_Y-1_U89,FXX,1,111.65602203330548,1,1,1.0,0,0,0,-9999.0,0.75,1,P4_CV0,3,2,0,2,0
5,2535011.582,720257.8531,E5_F5_m5f5_P5_Y1_UO608,S5_F5_m-1f-1_P5_Y-1_U59,S5_F5_m-1f-1_P5_Y-1_U51,MXY,1,111.65602203330548,1,1,0.0,0,0,0,-9999.0,0.5,1,P4_CV0,3,1,1,1,1
5,2535011.582,720257.8531,E5_F5_m5f5_P5_Y1_UO542,S5_F5_m-1f-1_P5_Y-1_U176,S5_F5_m-1f-1_P5_Y-1_U186,FXX,1,111.65602203330548,1,1,1.0,0,0,0,-9999.0,1.0,1,P4_CV0,3,2,0,1,1
5,2535011.582,720257.8531,E5_F5_m5f5_P5_Y1_UO475,S5_F5_m-1f-1_P5_Y-1_U96,S5_F5_m-1f-1_P5_Y-1_U157,FXX,1,111.65602203330548,1,1,1.0,0,0,0,-9999.0,0.75,1,P4_CV0,3,1,1,2,0
5,2535011.582,720257.8531,E5_F5_m5f5_P5_Y1_UO488,S5_F5_m-1f-1_P5_Y-1_U82,S5_F5_m-1f-1_P5_Y-1_U126,MXY,1,111.65602203330548,1,1,0.0,0,0,0,-9999.0,0.0,1,P4_CV0,3,0,2,1,1
5,2535011.582,720257.8531,E5_F5_m5f5_P5_Y1_UO419,S5_F5_m-1f-1_P5_Y-1_U18,S5_F5_m-1f-1_P5_Y-1_U126,MXY,1,111.65602203330548,1,1,0.0,0,0,0,-9999.0,0.25,1,P4_CV0,3,1,1,1,1
5,2535011.582,720257.8531,E5_F5_m5f5_P5_Y1_UO587,S5_F5_m-1f-1_P5_Y-1_U148,S5_F5_m-1f-1_P5_Y-1_U51,MXY,1,111.65602203330548,1,1,0.0,0,0,0,-9999.0,0.5,1,P4_CV0,3,0,2,1,1
5,2535011.582,720257.8531,E5_F5_m5f5_P5_Y1_UO502,S5_F5_m-1f-1_P5_Y-1_U106,S5_F5_m-1f-1_P5_Y-1_U2,FXX,1,111.65602203330548,1,1,1.0,0,0,0,-9999.0,0.5,1,P4_CV0,3,1,1,2,0
5,2535011.582,720257.8531,E5_F5_m5f5_P5_Y1_UO534,S5_F5_m-1f-1_P5_Y-1_U71,S5_F5_m-1f-1_P5_Y-1_U16,MXY,1,111.65602203330548,1,1,0.0,0,0,0,-9999.0,0.75,1,P4_CV0,3,2,0,2,0
5,2535011.582,720257.8531,E5_F5_m5f5_P5_Y1_UO457,S5_F5_m-1f-1_P5_Y-1_U113,S5_F5_m-1f-1_P5_Y-1_U70,MXY,1,111.65602203330548,1,1,0.0,0,0,0,-9999.0,0.5,1,P4_CV0,3,1,1,0,2
5,2535011.582,720257.8531,E5_F5_m5f5_P5_Y1_UO437,S5_F5_m-1f-1_P5_Y-1_U138,S5_F5_m-1f-1_P5_Y-1_U89,FXX,1,111.65602203330548,1,1,1.0,0,0,0,-9999.0,0.75,1,P4_CV0,3,1,1,1,1
5,2535011.582,720257.8531,E5_F5_m5f5_P5_Y1_UO397,S5_F5_m-1f-1_P5_Y-1_U14,S5_F5_m-1f-1_P5_Y-1_U89,MXY,1,111.65602203330548,1,1,0.0,0,0,0,-9999.0,0.75,1,P4_CV0,3,2,0,2,0
5,2535011.582,720257.8531,E5_F5_m5f5_P5_Y1_UO446,S5_F5_m-1f-1_P5_Y-1_U162,S5_F5_m-1f-1_P5_Y-1_U126,MXY,1,111.65602203330548,1,1,0.0,0,0,0,-9999.0,0.25,1,P4_CV0,3,0,2,1,1
5,2535011.582,720257.8531,E5_F5_m5f5_P5_Y1_UO471,S5_F5_m-1f-1_P5_Y-1_U96,S5_F5_m-1f-1_P5_Y-1_U157,MXY,1,111.65602203330548,1,1,0.0,0,0,0,-9999.0,0.75,1,P4_CV0,3,2,0,2,0
5,2535011.582,720257.8531,E5_F5_m5f5_P5_Y1_UO395,S5_F5_m-1f-1_P5_Y-1_U14,S5_F5_m-1f-1_P5_Y-1_U89,FXX,1,111.65602203330548,1,1,1.0,0,0,0,-9999.0,0.75,1,P4_CV0,3,2,0,2,0
5,2535011.582,720257.8531,E5_F5_m5f5_P5_Y1_UO390,S5_F5_m-1f-1_P5_Y-1_U29,S5_F5_m-1f-1_P5_Y-1_U165,FXX,1,111.65602203330548,1,1,1.0,0,0,0,-9999.0,0.25,1,P4_CV0,3,1,1,1,1
5,2535011.582,720257.8531,E5_F5_m5f5_P5_Y1_UO596,S5_F5_m-1f-1_P5_Y-1_U152,S5_F5_m-1f-1_P5_Y-1_U70,FXX,1,111.65602203330548,1,1,1.0,0,0,0,-9999.0,0.5,1,P4_CV0,3,1,1,2,0
5,2535011.582,720257.8531,E5_F5_m5f5_P5_Y0_UO1417,R5_F5_m-1f-1_P5_Y-1_U90,R5_F5_m-1f-1_P5_Y-1_U41,FXX,2,145.94147934666805,1,0,1.0,0,0,0,-9999.0,0.25,1,P4_CV0,3,0,2,1,1
5,2535011.582,720257.8531,E5_F5_m5f5_P5_Y0_UO1246,R5_F5_m-1f-1_P5_Y-1_U21,R5_F5_m-1f-1_P5_Y-1_U136,FXX,2,145.94147934666805,1,0,1.0,0,0,0,-9999.0,0.5,1,P4_CV0,3,1,1,0,2
5,2535011.582,720257.8531,E5_F5_m5f5_P5_Y0_UO1757,R5_F5_m-1f-1_P5_Y-1_U188,R5_F5_m-1f-1_P5_Y-1_U61,MXY,2,145.94147934666805,1,0,0.0,0,0,0,-9999.0,0.5,1,P4_CV0,3,1,1,0,2
5,2535011.582,720257.8531,E5_F5_m5f5_P5_Y0_UO1494,R5_F5_m-1f-1_P5_Y-1_U105,R5_F5_m-1f-1_P5_Y-1_U25,FXX,2,145.94147934666805,1,0,1.0,0,0,0,-9999.0,0.5,1,P4_CV0,3,1,1,2,0
5,2535011.582,720257.8531,E5_F5_m5f5_P5_Y0_UO1578,R5_F5_m-1f-1_P5_Y-1_U124,R5_F5_m-1f-1_P5_Y-1_U183,FXX,2,145.94147934666805,1,0,1.0,0,0,0,-9999.0,0.25,1,P4_CV0,3,1,1,0,2
5,2535011.582,720257.8531,E5_F5_m5f5_P5_Y0_UO1541,R5_F5_m-1f-1_P5_Y-1_U116,R5_F5_m-1f-1_P5_Y-1_U67,MXY,2,145.94147934666805,1,0,0.0,0,0,0,-9999.0,0.75,1,P4_CV0,3,1,1,2,0
5,2535011.582,720257.8531,E5_F5_m5f5_P5_Y0_UO1325,R5_F5_m-1f-1_P5_Y-1_U59,R5_F5_m-1f-1_P5_Y-1_U130,MXY,2,145.94147934666805,1,0,0.0,0,0,0,-9999.0,0.5,1,P4_CV0,3,1,1,1,1
5,2535011.582,720257.8531,E5_F5_m5f5_P5_Y0_UO1226,R5_F5_m-1f-1_P5_Y-1_U8,R5_F5_m-1f-1_P5_Y-1_U165,MXY,2,145.94147934666805,1,0,0.0,0,0,0,-9999.0,0.25,1,P4_CV0,3,1,1,1,1
5,2535011.582,720257.8531,E5_F5_m5f5_P5_Y0_UO1207,R5_F5_m-1f-1_P5_Y-1_U3,R5_F5_m-1f-1_P5_Y-1_U142,MXY,2,145.94147934666805,1,0,0.0,0,0,0,-9999.0,0.25,1,P4_CV0,3,0,2,1,1
5,2535011.582,720257.8531,E5_F5_m5f5_P5_Y0_UO1411,R5_F5_m-1f-1_P5_Y-1_U88,R5_F5_m-1f-1_P5_Y-1_U94,FXX,2,145.94147934666805,1,0,1.0,0,0,0,-9999.0,0.5,1,P4_CV0,3,1,1,2,0
5,2535011.582,720257.8531,E5_F5_m5f5_P5_Y0_UO1342,R5_F5_m-1f-1_P5_Y-1_U65,R5_F5_m-1f-1_P5_Y-1_U72,FXX,2,145.94147934666805,1,0,1.0,0,0,0,-9999.0,0.5,1,P4_CV0,3,1,1,0,2
5,2535011.582,720257.8531,E5_F5_m5f5_P5_Y0_UO1740,R5_F5_m-1f-1_P5_Y-1_U177,R5_F5_m-1f-1_P5_Y-1_U56,FXX,2,145.94147934666805,1,0,1.0,0,0,0,-9999.0,0.25,1,P4_CV0,3,0,2,2,0
5,2535011.582,720257.8531,E5_F5_m5f5_P5_Y0_UO1348,R5_F5_m-1f-1_P5_Y-1_U71,R5_F5_m-1f-1_P5_Y-1_U41,FXX,2,145.94147934666805,1,0,1.0,0,0,0,-9999.0,0.25,1,P4_CV0,3,1,1,2,0
5,2535011.582,720257.8531,E5_F5_m5f5_P5_Y0_UO1555,R5_F5_m-1f-1_P5_Y-1_U118,R5_F5_m-1f-1_P5_Y-1_U175,FXX,2,145.94147934666805,1,0,1.0,0,0,0,-9999.0,1.0,1,P4_CV0,3,2,0,2,0
5,2535011.582,720257.8531,E5_F5_m5f5_P5_Y0_UO1668,R5_F5_m-1f-1_P5_Y-1_U148,R5_F5_m-1f-1_P5_Y-1_U15,MXY,2,145.94147934666805,1,0,0.0,0,0,0,-9999.0,0.75,1,P4_CV0,3,2,0,1,1
5,2535011.582,720257.8531,E5_F5_m5f5_P5_Y0_UO1422,R5_F5_m-1f-1_P5_Y-1_U90,R5_F5_m-1f-1_P5_Y-1_U41,FXX,2,145.94147934666805,1,0,1.0,0,0,0,-9999.0,0.25,1,P4_CV0,3,0,2,1,1
5,2535011.582,720257.8531,E5_F5_m5f5_P5_Y0_UO1657,R5_F5_m-1f-1_P5_Y-1_U146,R5_F5_m-1f-1_P5_Y-1_U147,MXY,2,145.94147934666805,1,0,0.0,0,0,0,-9999.0,0.75,1,P4_CV0,3,2,0,1,1
5,2535011.582,720257.8531,E5_F5_m5f5_P5_Y0_UO1431,R5_F5_m-1f-1_P5_Y-1_U91,R5_F5_m-1f-1_P5_Y-1_U160,MXY,2,145.94147934666805,1,0,0.0,0,0,0,-9999.0,0.25,1,P4_CV0,3,1,1,1,1
5,2535011.582,720257.8531,E5_F5_m5f5_P5_Y0_UO1337,R5_F5_m-1f-1_P5_Y-1_U64,R5_F5_m-1f-1_P5_Y-1_U167,FXX,2,145.94147934666805,1,0,1.0,0,0,0,-9999.0,0.75,1,P4_CV0,3,2,0,0,2
5,2535011.582,720257.8531,E5_F5_m5f5_P5_Y0_UO1743,R5_F5_m-1f-1_P5_Y-1_U177,R5_F5_m-1f-1_P5_Y-1_U56,MXY,2,145.94147934666805,1,0,0.0,0,0,0,-9999.0,0.25,1,P4_CV0,3,0,2,1,1
5,2535011.582,720257.8531,E5_F5_m5f5_P5_Y0_UO1365,R5_F5_m-1f-1_P5_Y-1_U77,R5_F5_m-1f-1_P5_Y-1_U56,FXX,2,145.94147934666805,1,0,1.0,0,0,0,-9999.0,0.25,1,P4_CV0,3,0,2,1,1
5,2535011.582,720257.8531,E5_F5_m5f5_P5_Y0_UO1758,R5_F5_m-1f-1_P5_Y-1_U188,R5_F5_m-1f-1_P5_Y-1_U61,MXY,2,145.94147934666805,1,0,0.0,0,0,0,-9999.0,0.5,1,P4_CV0,3,0,2,1,1
5,2535011.582,720257.8531,E5_F5_m5f5_P5_Y0_UO1281,R5_F5_m-1f-1_P5_Y-1_U32,R5_F5_m-1f-1_P5_Y-1_U147,MXY,2,145.94147934666805,1,0,0.0,0,0,0,-9999.0,0.5,1,P4_CV0,3,2,0,1,1
5,2535011.582,720257.8531,E5_F5_m5f5_P5_Y0_UO1699,R5_F5_m-1f-1_P5_Y-1_U153,R5_F5_m-1f-1_P5_Y-1_U157,FXX,2,145.94147934666805,1,0,1.0,0,0,0,-9999.0,0.25,1,P4_CV0,3,0,2,2,0
5,2535011.582,720257.8531,E5_F5_m5f5_P5_Y0_UO1200,R5_F5_m-1f-1_P5_Y-1_U1,R5_F5_m-1f-1_P5_Y-1_U100,FXX,2,145.94147934666805,1,0,1.0,0,0,0,-9999.0,0.25,1,P4_CV0,3,1,1,2,0
5,2535011.582,720257.8531,E5_F5_m5f5_P5_Y0_UO1309,R5_F5_m-1f-1_P5_Y-1_U49,R5_F5_m-1f-1_P5_Y-1_U102,FXX,2,145.94147934666805,1,0,1.0,0,0,0,-9999.0,0.25,1,P4_CV0,3,0,2,1,1
5,2535011.582,720257.8531,E5_F5_m5f5_P5_Y0_UO1358,R5_F5_m-1f-1_P5_Y-1_U74,R5_F5_m-1f-1_P5_Y-1_U183,MXY,2,145.94147934666805,1,0,0.0,0,0,0,-9999.0,0.25,1,P4_CV0,3,0,2,0,2
5,2535011.582,720257.8531,E5_F5_m5f5_P5_Y0_UO1729,R5_F5_m-1f-1_P5_Y-1_U170,R5_F5_m-1f-1_P5_Y-1_U183,FXX,2,145.94147934666805,1,0,1.0,0,0,0,-9999.0,0.5,1,P4_CV0,3,1,1,1,1
5,2535011.582,720257.8531,E5_F5_m5f5_P5_Y0_UO1723,R5_F5_m-1f-1_P5_Y-1_U164,R5_F5_m-1f-1_P5_Y-1_U25,FXX,2,145.94147934666805,1,0,1.0,0,0,0,-9999.0,0.0,1,P4_CV0,3,0,2,2,0
5,2535011.582,720257.8531,E5_F5_m5f5_P5_Y0_UO1448,R5_F5_m-1f-1_P5_Y-1_U97,R5_F5_m-1f-1_P5_Y-1_U165,FXX,2,145.94147934666805,1,0,1.0,0,0,0,-9999.0,0.0,1,P4_CV0,3,0,2,2,0
5,2535011.582,720257.8531,E5_F5_m5f5_P5_Y0_UO1252,R5_F5_m-1f-1_P5_Y-1_U23,R5_F5_m-1f-1_P5_Y-1_U9,MXY,2,145.94147934666805,1,0,0.0,0,0,0,-9999.0,0.5,1,P4_CV0,3,1,1,1,1
5,2535011.582,720257.8531,E5_F5_m5f5_P5_Y0_UO1273,R5_F5_m-1f-1_P5_Y-1_U30,R5_F5_m-1f-1_P5_Y-1_U56,MXY,2,145.94147934666805,1,0,0.0,0,0,0,-9999.0,0.25,1,P4_CV0,3,1,1,1,1
5,2535011.582,720257.8531,E5_F5_m5f5_P5_Y0_UO1509,R5_F5_m-1f-1_P5_Y-1_U108,R5_F5_m-1f-1_P5_Y-1_U67,FXX,2,145.94147934666805,1,0,1.0,0,0,0,-9999.0,1.0,1,P4_CV0,3,2,0,1,1
5,2535011.582,720257.8531,E5_F5_m5f5_P5_Y0_UO1615,R5_F5_m-1f-1_P5_Y-1_U132,R5_F5_m-1f-1_P5_Y-1_U11,FXX,2,145.94147934666805,1,0,1.0,0,0,0,-9999.0,0.25,1,P4_CV0,3,1,1,2,0
5,2535011.582,720257.8531,E5_F5_m5f5_P5_Y0_UO1295,R5_F5_m-1f-1_P5_Y-1_U44,R5_F5_m-1f-1_P5_Y-1_U54,FXX,2,145.94147934666805,1,0,1.0,0,0,0,-9999.0,0.75,1,P4_CV0,3,2,0,0,2
5,2535011.582,720257.8531,E5_F5_m5f5_P5_Y0_UO1559,R5_F5_m-1f-1_P5_Y-1_U118,R5_F5_m-1f-1_P5_Y-1_U175,FXX,2,145.94147934666805,1,0,1.0,0,0,0,-9999.0,1.0,1,P4_CV0,3,2,0,0,2
5,2535011.582,720257.8531,E5_F5_m5f5_P5_Y0_UO1792,R5_F5_m-1f-1_P5_Y-1_U196,R5_F5_m-1f-1_P5_Y-1_U131,MXY,2,145.94147934666805,1,0,0.0,0,0,0,-9999.0,0.75,1,P4_CV0,3,2,0,2,0
5,2535011.582,720257.8531,E5_F5_m5f5_P5_Y0_UO1462,R5_F5_m-1f-1_P5_Y-1_U98,R5_F5_m-1f-1_P5_Y-1_U55,FXX,2,145.94147934666805,1,0,1.0,0,0,0,-9999.0,0.5,1,P4_CV0,3,1,1,1,1
5,2535011.582,720257.8531,E5_F5_m5f5_P5_Y0_UO1331,R5_F5_m-1f-1_P5_Y-1_U64,R5_F5_m-1f-1_P5_Y-1_U167,MXY,2,145.94147934666805,1,0,0.0,0,0,0,-9999.0,0.75,1,P4_CV0,3,1,1,1,1
5,2535011.582,720257.8531,E5_F5_m5f5_P5_Y0_UO1456,R5_F5_m-1f-1_P5_Y-1_U98,R5_F5_m-1f-1_P5_Y-1_U55,MXY,2,145.94147934666805,1,0,0.0,0,0,0,-9999.0,0.5,1,P4_CV0,3,2,0,2,0
5,2535011.582,720257.8531,E5_F5_m5f5_P5_Y0_UO1221,R5_F5_m-1f-1_P5_Y-1_U6,R5_F5_m-1f-1_P5_Y-1_U11,MXY,2,145.94147934666805,1,0,0.0,0,0,0,-9999.0,0.25,1,P4_CV0,3,0,2,1,1
5,2535011.582,720257.8531,E5_F5_m5f5_P5_Y0_UO1638,R5_F5_m-1f-1_P5_Y-1_U137,R5_F5_m-1f-1_P5_Y-1_U34,MXY,2,145.94147934666805,1,0,0.0,0,0,0,-9999.0,0.5,1,P4_CV0,3,1,1,1,1
5,2535011.582,720257.8531,E5_F5_m5f5_P5_Y0_UO1197,R5_F5_m-1f-1_P5_Y-1_U1,R5_F5_m-1f-1_P5_Y-1_U100,FXX,2,145.94147934666805,1,0,1.0,0,0,0,-9999.0,0.25,1,P4_CV0,3,0,2,1,1
5,2535011.582,720257.8531,E5_F5_m5f5_P5_Y0_UO1388,R5_F5_m-1f-1_P5_Y-1_U83,R5_F5_m-1f-1_P5_Y-1_U175,FXX,2,145.94147934666805,1,0,1.0,0,0,0,-9999.0,0.5,1,P4_CV0,3,1,1,1,1
5,2535011.582,720257.8531,E5_F5_m5f5_P5_Y0_UO1284,R5_F5_m-1f-1_P5_Y-1_U42,R5_F5_m-1f-1_P5_Y-1_U56,MXY,2,145.94147934666805,1,0,0.0,0,0,0,-9999.0,0.25,1,P4_CV0,3,1,1,1,1
5,2535011.582,720257.8531,E5_F5_m5f5_P5_Y0_UO1591,R5_F5_m-1f-1_P5_Y-1_U127,R5_F5_m-1f-1_P5_Y-1_U101,MXY,2,145.94147934666805,1,0,0.0,0,0,0,-9999.0,0.25,1,P4_CV0,3,0,2,2,0
5,2535011.582,720257.8531,E5_F5_m5f5_P5_Y0_UO1390,R5_F5_m-1f-1_P5_Y-1_U83,R5_F5_m-1f-1_P5_Y-1_U175,FXX,2,145.94147934666805,1,0,1.0,0,0,0,-9999.0,0.5,1,P4_CV0,3,1,1,0,2
5,2535011.582,720257.8531,E5_F5_m5f5_P5_Y0_UO1571,R5_F5_m-1f-1_P5_Y-1_U123,R5_F5_m-1f-1_P5_Y-1_U60,MXY,2,145.94147934666805,1,0,0.0,0,0,0,-9999.0,0.75,1,P4_CV0,3,1,1,1,1
5,2535011.582,720257.8531,E5_F5_m5f5_P5_Y0_UO1429,R5_F5_m-1f-1_P5_Y-1_U91,R5_F5_m-1f-1_P5_Y-1_U160,MXY,2,145.94147934666805,1,0,0.0,0,0,0,-9999.0,0.25,1,P4_CV0,3,0,2,0,2
5,2535011.582,720257.8531,E5_F5_m5f5_P5_Y0_UO1651,R5_F5_m-1f-1_P5_Y-1_U144,R5_F5_m-1f-1_P5_Y-1_U84,MXY,2,145.94147934666805,1,0,0.0,0,0,0,-9999.0,0.75,1,P4_CV0,3,2,0,1,1
5,2535011.582,720257.8531,E5_F5_m5f5_P5_Y0_UO1490,R5_F5_m-1f-1_P5_Y-1_U105,R5_F5_m-1f-1_P5_Y-1_U25,FXX,2,145.94147934666805,1,0,1.0,0,0,0,-9999.0,0.5,1,P4_CV0,3,1,1,2,0
5,2535011.582,720257.8531,E5_F5_m5f5_P5_Y0_UO1774,R5_F5_m-1f-1_P5_Y-1_U193,R5_F5_m-1f-1_P5_Y-1_U191,MXY,2,145.94147934666805,1,0,0.0,0,0,0,-9999.0,0.75,1,P4_CV0,3,1,1,1,1
5,2535011.582,720257.8531,E5_F5_m5f5_P5_Y0_UO1736,R5_F5_m-1f-1_P5_Y-1_U176,R5_F5_m-1f-1_P5_Y-1_U155,MXY,2,145.94147934666805,1,0,0.0,0,0,0,-9999.0,1.0,1,P4_CV0,3,2,0,1,1
5,2535011.582,720257.8531,E5_F5_m5f5_P5_Y0_UO1299,R5_F5_m-1f-1_P5_Y-1_U46,R5_F5_m-1f-1_P5_Y-1_U184,MXY,2,145.94147934666805,1,0,0.0,0,0,0,-9999.0,0.5,1,P4_CV0,3,0,2,1,1
5,2535011.582,720257.8531,E5_F5_m5f5_P5_Y0_UO1318,R5_F5_m-1f-1_P5_Y-1_U59,R5_F5_m-1f-1_P5_Y-1_U130,FXX,2,145.94147934666805,1,0,1.0,0,0,0,-9999.0,0.5,1,P4_CV0,3,2,0,0,2
5,2535011.582,720257.8531,E5_F5_m5f5_P5_Y0_UO1395,R5_F5_m-1f-1_P5_Y-1_U83,R5_F5_m-1f-1_P5_Y-1_U175,MXY,2,145.94147934666805,1,0,0.0,0,0,0,-9999.0,0.5,1,P4_CV0,3,1,1,0,2
5,2535011.582,720257.8531,E5_F5_m5f5_P5_Y0_UO1329,R5_F5_m-1f-1_P5_Y-1_U63,R5_F5_m-1f-1_P5_Y-1_U175,MXY,2,145.94147934666805,1,0,0.0,0,0,0,-9999.0,0.5,1,P4_CV0,3,1,1,2,0
5,2535011.582,720257.8531,E5_F5_m5f5_P5_Y0_UO1647,R5_F5_m-1f-1_P5_Y-1_U144,R5_F5_m-1f-1_P5_Y-1_U84,FXX,2,145.94147934666805,1,0,1.0,0,0,0,-9999.0,0.75,1,P4_CV0,3,2,0,1,1
5,2535011.582,720257.8531,E5_F5_m5f5_P5_Y0_UO1240,R5_F5_m-1f-1_P5_Y-1_U20,R5_F5_m-1f-1_P5_Y-1_U155,MXY,2,145.94147934666805,1,0,0.0,0,0,0,-9999.0,0.75,1,P4_CV0,3,2,0,1,1
5,2535011.582,720257.8531,E5_F5_m5f5_P5_Y0_UO1545,R5_F5_m-1f-1_P5_Y-1_U117,R5_F5_m-1f-1_P5_Y-1_U60,MXY,2,145.94147934666805,1,0,0.0,0,0,0,-9999.0,1.0,1,P4_CV0,3,2,0,2,0
5,2535011.582,720257.8531,E5_F5_m5f5_P5_Y0_UO1436,R5_F5_m-1f-1_P5_Y-1_U96,R5_F5_m-1f-1_P5_Y-1_U56,FXX,2,145.94147934666805,1,0,1.0,0,0,0,-9999.0,0.75,1,P4_CV0,3,2,0,1,1
5,2535011.582,720257.8531,E5_F5_m5f5_P5_Y0_UO1354,R5_F5_m-1f-1_P5_Y-1_U74,R5_F5_m-1f-1_P5_Y-1_U183,FXX,2,145.94147934666805,1,0,1.0,0,0,0,-9999.0,0.25,1,P4_CV0,3,1,1,1,1
5,2535011.582,720257.8531,E5_F5_m5f5_P5_Y0_UO1442,R5_F5_m-1f-1_P5_Y-1_U97,R5_F5_m-1f-1_P5_Y-1_U165,FXX,2,145.94147934666805,1,0,1.0,0,0,0,-9999.0,0.0,1,P4_CV0,3,0,2,1,1
5,2535011.582,720257.8531,E5_F5_m5f5_P5_Y0_UO1420,R5_F5_m-1f-1_P5_Y-1_U90,R5_F5_m-1f-1_P5_Y-1_U41,FXX,2,145.94147934666805,1,0,1.0,0,0,0,-9999.0,0.25,1,P4_CV0,3,1,1,1,1
5,2535011.582,720257.8531,E5_F5_m5f5_P5_Y0_UO1628,R5_F5_m-1f-1_P5_Y-1_U135,R5_F5_m-1f-1_P5_Y-1_U168,MXY,2,145.94147934666805,1,0,0.0,0,0,0,-9999.0,0.0,1,P4_CV0,3,0,2,1,1
5,2535011.582,720257.8531,E5_F5_m5f5_P5_Y0_UO1695,R5_F5_m-1f-1_P5_Y-1_U152,R5_F5_m-1f-1_P5_Y-1_U10,FXX,2,145.94147934666805,1,0,1.0,0,0,0,-9999.0,0.75,1,P4_CV0,3,2,0,2,0
5,2535011.582,720257.8531,E5_F5_m5f5_P5_Y0_UO1279,R5_F5_m-1f-1_P5_Y-1_U32,R5_F5_m-1f-1_P5_Y-1_U147,MXY,2,145.94147934666805,1,0,0.0,0,0,0,-9999.0,0.5,1,P4_CV0,3,2,0,1,1
5,2535011.582,720257.8531,E5_F5_m5f5_P5_Y0_UO1202,R5_F5_m-1f-1_P5_Y-1_U1,R5_F5_m-1f-1_P5_Y-1_U100,MXY,2,145.94147934666805,1,0,0.0,0,0,0,-9999.0,0.25,1,P4_CV0,3,0,2,1,1
5,2535011.582,720257.8531,E5_F5_m-1f-1_P5_Y-1_U29,-9999,-9999,FXX,3,139.71081913900298,1,0,1.0,0,0,0,-9999.0,0.5,1,P4_CV0,3,1,1,1,1
5,2535011.582,720257.8531,E5_F5_m-1f-1_P5_Y-1_U43,-9999,-9999,FXX,3,139.71081913900298,1,0,1.0,0,0,0,-9999.0,0.5,1,P4_CV0,3,1,1,1,1
5,2535011.582,720257.8531,E5_F5_m-1f-1_P5_Y-1_U75,-9999,-9999,FXX,4,142.39090163567107,1,0,1.0,0,0,0,-9999.0,0.5,1,P4_CV0,3,1,1,1,1
5,2535011.582,720257.8531,E5_F5_m-1f-1_P5_Y-1_U126,-9999,-9999,MXY,5,156.57590310407716,1,0,0.0,0,0,0,-9999.0,0.0,1,P4_CV0,3,0,2,0,2
5,2535011.582,720257.8531,E5_F5_m-1f-1_P5_Y-1_U13,-9999,-9999,MXY,6,175.23394224228534,1,0,0.0,0,0,0,-9999.0,0.5,1,P4_CV0,3,1,1,1,1
5,2535011.582,720257.8531,Age0_F5_m5f5_P5_Y2_UO366,S5_F5_m5f5_P5_Y0_UO1417,S5_F5_m5f5_P5_Y0_UO1207,FXX,0,84.20428419818174,0,0,0.0,0,0,0,0.0,0.25,1,P4_CV0,3,0,2,0,2
5,2535011.582,720257.8531,Age0_F5_m5f5_P5_Y2_UO367,S5_F5_m5f5_P5_Y0_UO1417,S5_F5_m5f5_P5_Y0_UO1207,MXY,0,84.20428419818174,0,0,0.0,0,0,0,0.0,0.25,1,P4_CV0,3,0,2,1,1
5,2535011.582,720257.8531,Age0_F5_m5f5_P5_Y2_UO368,S5_F5_m5f5_P5_Y0_UO1417,S5_F5_m5f5_P5_Y0_UO1207,MXY,0,84.20428419818174,0,0,0.0,0,0,0,0.0,0.25,1,P4_CV0,3,0,2,0,2
5,2535011.582,720257.8531,Age0_F5_m5f5_P5_Y2_UO369,S5_F5_m5f5_P5_Y0_UO1417,S5_F5_m5f5_P5_Y0_UO1207,MXY,0,84.20428419818174,0,0,0.0,0,0,0,0.0,0.25,1,P4_CV0,3,0,2,2,0
5,2535011.582,720257.8531,Age0_F5_m5f5_P5_Y2_UO370,S5_F5_m5f5_P5_Y0_UO1417,S5_F5_m5f5_P5_Y0_UO1207,FXX,0,84.20428419818174,0,0,0.0,0,0,0,0.0,0.25,1,P4_CV0,3,0,2,0,2
5,2535011.582,720257.8531,Age0_F5_m5f5_P5_Y2_UO371,S5_F5_m5f5_P5_Y0_UO1417,S5_F5_m5f5_P5_Y0_UO1207,MXY,0,84.20428419818174,0,0,0.0,0,0,0,0.0,0.25,1,P4_CV0,3,0,2,1,1
5,2535011.582,720257.8531,Age0_F5_m5f5_P5_Y2_UO372,S5_F5_m5f5_P5_Y0_UO1417,S5_F5_m5f5_P5_Y0_UO1207,MXY,0,84.20428419818174,0,0,0.0,0,0,0,0.0,0.25,1,P4_CV0,3,0,2,1,1
5,2535011.582,720257.8531,Age0_F5_m5f5_P5_Y2_UO373,S5_F5_m5f5_P5_Y0_UO1417,S5_F5_m5f5_P5_Y0_UO1207,MXY,0,84.20428419818174,0,0,0.0,0,0,0,0.0,0.25,1,P4_CV0,3,0,2,0,2
5,2535011.582,720257.8531,Age0_F5_m5f5_P5_Y2_UO374,S5_F5_m5f5_P5_Y0_UO1246,S5_F5_m5f5_P5_Y0_UO1743,MXY,0,84.20428419818174,0,0,0.0,0,0,0,0.0,0.375,1,P4_CV0,3,0,2,0,2
5,2535011.582,720257.8531,Age0_F5_m5f5_P5_Y2_UO375,S5_F5_m5f5_P5_Y0_UO1246,S5_F5_m5f5_P5_Y0_UO1743,FXX,0,84.20428419818174,0,0,0.0,0,0,0,0.0,0.375,1,P4_CV0,3,0,2,1,1
5,2535011.582,720257.8531,Age0_F5_m5f5_P5_Y2_UO376,S5_F5_m5f5_P5_Y0_UO1246,S5_F5_m5f5_P5_Y0_UO1743,MXY,0,84.20428419818174,0,0,0.0,0,0,0,0.0,0.375,1,P4_CV0,3,1,1,0,2
5,2535011.582,720257.8531,Age0_F5_m5f5_P5_Y2_UO377,S5_F5_m5f5_P5_Y0_UO1246,S5_F5_m5f5_P5_Y0_UO1743,FXX,0,84.20428419818174,0,0,0.0,0,0,0,0.0,0.375,1,P4_CV0,3,0,2,0,2
5,2535011.582,720257.8531,Age0_F5_m5f5_P5_Y2_UO378,S5_F5_m5f5_P5_Y0_UO1246,S5_F5_m5f5_P5_Y0_UO1743,FXX,0,84.20428419818174,0,0,0.0,0,0,0,0.0,0.375,1,P4_CV0,3,0,2,0,2
5,2535011.582,720257.8531,Age0_F5_m5f5_P5_Y2_UO379,S5_F5_m5f5_P5_Y0_UO1246,S5_F5_m5f5_P5_Y0_UO1743,FXX,0,84.20428419818174,0,0,0.0,0,0,0,0.0,0.375,1,P4_CV0,3,0,2,1,1
5,2535011.582,720257.8531,Age0_F5_m5f5_P5_Y2_UO380,S5_F5_m5f5_P5_Y0_UO1246,S5_F5_m5f5_P5_Y0_UO1743,FXX,0,84.20428419818174,0,0,0.0,0,0,0,0.0,0.375,1,P4_CV0,3,1,1,1,1
5,2535011.582,720257.8531,Age0_F5_m5f5_P5_Y2_UO381,S5_F5_m5f5_P5_Y0_UO1494,S5_F5_m5f5_P5_Y0_UO1325,FXX,0,84.20428419818174,0,0,0.0,0,0,0,0.0,0.5,1,P4_CV0,3,0,2,2,0
5,2535011.582,720257.8531,Age0_F5_m5f5_P5_Y2_UO382,S5_F5_m5f5_P5_Y0_UO1494,S5_F5_m5f5_P5_Y0_UO1325,MXY,0,84.20428419818174,0,0,0.0,0,0,0,0.0,0.5,1,P4_CV0,3,2,0,1,1
5,2535011.582,720257.8531,Age0_F5_m5f5_P5_Y2_UO383,S5_F5_m5f5_P5_Y0_UO1494,S5_F5_m5f5_P5_Y0_UO1325,FXX,0,84.20428419818174,0,0,0.0,0,0,0,0.0,0.5,1,P4_CV0,3,1,1,1,1
5,2535011.582,720257.8531,Age0_F5_m5f5_P5_Y2_UO384,S5_F5_m5f5_P5_Y0_UO1494,S5_F5_m5f5_P5_Y0_UO1325,MXY,0,84.20428419818174,0,0,0.0,0,0,0,0.0,0.5,1,P4_CV0,3,1,1,1,1
5,2535011.582,720257.8531,Age0_F5_m5f5_P5_Y2_UO385,S5_F5_m5f5_P5_Y0_UO1578,S5_F5_m5f5_P5_Y0_UO1281,FXX,0,84.20428419818174,0,0,0.0,0,0,0,0.0,0.375,1,P4_CV0,3,2,0,1,1
5,2535011.582,720257.8531,Age0_F5_m5f5_P5_Y2_UO386,S5_F5_m5f5_P5_Y0_UO1578,S5_F5_m5f5_P5_Y0_UO1281,FXX,0,84.20428419818174,0,0,0.0,0,0,0,0.0,0.375,1,P4_CV0,3,1,1,1,1
5,2535011.582,720257.8531,Age0_F5_m5f5_P5_Y2_UO387,S5_F5_m5f5_P5_Y0_UO1578,S5_F5_m5f5_P5_Y0_UO1281,FXX,0,84.20428419818174,0,0,0.0,0,0,0,0.0,0.375,1,P4_CV0,3,2,0,1,1
5,2535011.582,720257.8531,Age0_F5_m5f5_P5_Y2_UO388,S5_F5_m5f5_P5_Y0_UO1578,S5_F5_m5f5_P5_Y0_UO1281,MXY,0,84.20428419818174,0,0,0.0,0,0,0,0.0,0.375,1,P4_CV0,3,2,0,0,2
5,2535011.582,720257.8531,Age0_F5_m5f5_P5_Y2_UO389,S5_F5_m5f5_P5_Y0_UO1578,S5_F5_m5f5_P5_Y0_UO1281,FXX,0,84.20428419818174,0,0,0.0,0,0,0,0.0,0.375,1,P4_CV0,3,1,1,0,2
5,2535011.582,720257.8531,Age0_F5_m5f5_P5_Y2_UO390,S5_F5_m5f5_P5_Y0_UO1578,S5_F5_m5f5_P5_Y0_UO1281,MXY,0,84.20428419818174,0,0,0.0,0,0,0,0.0,0.375,1,P4_CV0,3,2,0,1,1
5,2535011.582,720257.8531,Age0_F5_m5f5_P5_Y2_UO391,S5_F5_m5f5_P5_Y0_UO1578,S5_F5_m5f5_P5_Y0_UO1281,MXY,0,84.20428419818174,0,0,0.0,0,0,0,0.0,0.375,1,P4_CV0,3,1,1,0,2
5,2535011.582,720257.8531,Age0_F5_m5f5_P5_Y2_UO392,S5_F5_m5f5_P5_Y0_UO1578,S5_F5_m5f5_P5_Y0_UO1281,FXX,0,84.20428419818174,0,0,0.0,0,0,0,0.0,0.375,1,P4_CV0,3,1,1,1,1
5,2535011.582,720257.8531,Age0_F5_m5f5_P5_Y2_UO393,S5_F5_m5f5_P5_Y0_UO1411,S5_F5_m5f5_P5_Y0_UO1736,FXX,0,84.20428419818174,0,0,0.0,0,0,0,0.0,0.75,1,P4_CV0,3,1,1,2,0
5,2535011.582,720257.8531,Age0_F5_m5f5_P5_Y2_UO394,S5_F5_m5f5_P5_Y0_UO1411,S5_F5_m5f5_P5_Y0_UO1736,MXY,0,84.20428419818174,0,0,0.0,0,0,0,0.0,0.75,1,P4_CV0,3,1,1,1,1
5,2535011.582,720257.8531,Age0_F5_m5f5_P5_Y2_UO395,S5_F5_m5f5_P5_Y0_UO1342,S5_F5_m5f5_P5_Y0_UO1221,FXX,0,84.20428419818174,0,0,0.0,0,0,0,0.0,0.375,1,P4_CV0,3,1,1,1,1
5,2535011.582,720257.8531,Age0_F5_m5f5_P5_Y2_UO396,S5_F5_m5f5_P5_Y0_UO1342,S5_F5_m5f5_P5_Y0_UO1221,MXY,0,84.20428419818174,0,0,0.0,0,0,0,0.0,0.375,1,P4_CV0,3,0,2,1,1
5,2535011.582,720257.8531,Age0_F5_m5f5_P5_Y2_UO397,S5_F5_m5f5_P5_Y0_UO1342,S5_F5_m5f5_P5_Y0_UO1221,FXX,0,84.20428419818174,0,0,0.0,0,0,0,0.0,0.375,1,P4_CV0,3,1,1,0,2
5,2535011.582,720257.8531,Age0_F5_m5f5_P5_Y2_UO398,S5_F5_m5f5_P5_Y0_UO1342,S5_F5_m5f5_P5_Y0_UO1221,MXY,0,84.20428419818174,0,0,0.0,0,0,0,0.0,0.375,1,P4_CV0,3,1,1,1,1
5,2535011.582,720257.8531,Age0_F5_m5f5_P5_Y2_UO399,S5_F5_m5f5_P5_Y0_UO1342,S5_F5_m5f5_P5_Y0_UO1221,MXY,0,84.20428419818174,0,0,0.0,0,0,0,0.0,0.375,1,P4_CV0,3,0,2,1,1
5,2535011.582,720257.8531,Age0_F5_m5f5_P5_Y2_UO400,S5_F5_m5f5_P5_Y0_UO1342,S5_F5_m5f5_P5_Y0_UO1221,FXX,0,84.20428419818174,0,0,0.0,0,0,0,0.0,0.375,1,P4_CV0,3,0,2,1,1
5,2535011.582,720257.8531,Age0_F5_m5f5_P5_Y2_UO401,S5_F5_m5f5_P5_Y0_UO1342,S5_F5_m5f5_P5_Y0_UO1221,FXX,0,84.20428419818174,0,0,0.0,0,0,0,0.0,0.375,1,P4_CV0,3,0,2,0,2
5,2535011.582,720257.8531,Age0_F5_m5f5_P5_Y2_UO402,S5_F5_m5f5_P5_Y0_UO1342,S5_F5_m5f5_P5_Y0_UO1221,MXY,0,84.20428419818174,0,0,0.0,0,0,0,0.0,0.375,1,P4_CV0,3,1,1,1,1
5,2535011.582,720257.8531,Age0_F5_m5f5_P5_Y2_UO403,S5_F5_m5f5_P5_Y0_UO1342,S5_F5_m5f5_P5_Y0_UO1221,MXY,0,84.20428419818174,0,0,0.0,0,0,0,0.0,0.375,1,P4_CV0,3,0,2,0,2
5,2535011.582,720257.8531,Age0_F5_m5f5_P5_Y2_UO404,S5_F5_m5f5_P5_Y0_UO1740,S5_F5_m5f5_P5_Y0_UO1792,FXX,0,84.20428419818174,0,0,0.0,0,0,0,0.0,0.5,1,P4_CV0,3,1,1,2,0
5,2535011.582,720257.8531,Age0_F5_m5f5_P5_Y2_UO405,S5_F5_m5f5_P5_Y0_UO1740,S5_F5_m5f5_P5_Y0_UO1792,MXY,0,84.20428419818174,0,0,0.0,0,0,0,0.0,0.5,1,P4_CV0,3,1,1,2,0
5,2535011.582,720257.8531,Age0_F5_m5f5_P5_Y2_UO406,S5_F5_m5f5_P5_Y0_UO1740,S5_F5_m5f5_P5_Y0_UO1792,MXY,0,84.20428419818174,0,0,0.0,0,0,0,0.0,0.5,1,P4_CV0,3,1,1,2,0
5,2535011.582,720257.8531,Age0_F5_m5f5_P5_Y2_UO407,S5_F5_m5f5_P5_Y0_UO1740,S5_F5_m5f5_P5_Y0_UO1792,MXY,0,84.20428419818174,0,0,0.0,0,0,0,0.0,0.5,1,P4_CV0,3,1,1,2,0
5,2535011.582,720257.8531,Age0_F5_m5f5_P5_Y2_UO408,S5_F5_m5f5_P5_Y0_UO1348,S5_F5_m5f5_P5_Y0_UO1792,FXX,0,84.20428419818174,0,0,0.0,0,0,0,0.0,0.5,1,P4_CV0,3,2,0,2,0
5,2535011.582,720257.8531,Age0_F5_m5f5_P5_Y2_UO409,S5_F5_m5f5_P5_Y0_UO1348,S5_F5_m5f5_P5_Y0_UO1792,FXX,0,84.20428419818174,0,0,0.0,0,0,0,0.0,0.5,1,P4_CV0,3,1,1,2,0
5,2535011.582,720257.8531,Age0_F5_m5f5_P5_Y2_UO410,S5_F5_m5f5_P5_Y0_UO1348,S5_F5_m5f5_P5_Y0_UO1792,FXX,0,84.20428419818174,0,0,0.0,0,0,0,0.0,0.5,1,P4_CV0,3,2,0,2,0
5,2535011.582,720257.8531,Age0_F5_m5f5_P5_Y2_UO411,S5_F5_m5f5_P5_Y0_UO1348,S5_F5_m5f5_P5_Y0_UO1792,MXY,0,84.20428419818174,0,0,0.0,0,0,0,0.0,0.5,1,P4_CV0,3,1,1,2,0
5,2535011.582,720257.8531,Age0_F5_m5f5_P5_Y2_UO412,S5_F5_m5f5_P5_Y0_UO1555,S5_F5_m5f5_P5_Y0_UO1774,MXY,0,84.20428419818174,0,0,0.0,0,0,0,0.0,0.875,1,P4_CV0,3,1,1,1,1
5,2535011.582,720257.8531,Age0_F5_m5f5_P5_Y2_UO413,S5_F5_m5f5_P5_Y0_UO1555,S5_F5_m5f5_P5_Y0_UO1774,MXY,0,84.20428419818174,0,0,0.0,0,0,0,0.0,0.875,1,P4_CV0,3,2,0,2,0
5,2535011.582,720257.8531,Age0_F5_m5f5_P5_Y2_UO414,S5_F5_m5f5_P5_Y0_UO1422,S5_F5_m5f5_P5_Y0_UO1792,MXY,0,84.20428419818174,0,0,0.0,0,0,0,0.0,0.5,1,P4_CV0,3,1,1,2,0
5,2535011.582,720257.8531,Age0_F5_m5f5_P5_Y2_UO415,S5_F5_m5f5_P5_Y0_UO1422,S5_F5_m5f5_P5_Y0_UO1792,MXY,0,84.20428419818174,0,0,0.0,0,0,0,0.0,0.5,1,P4_CV0,3,1,1,1,1
5,2535011.582,720257.8531,Age0_F5_m5f5_P5_Y2_UO416,S5_F5_m5f5_P5_Y0_UO1422,S5_F5_m5f5_P5_Y0_UO1792,FXX,0,84.20428419818174,0,0,0.0,0,0,0,0.0,0.5,1,P4_CV0,3,1,1,1,1
5,2535011.582,720257.8531,Age0_F5_m5f5_P5_Y2_UO417,S5_F5_m5f5_P5_Y0_UO1337,S5_F5_m5f5_P5_Y0_UO1743,MXY,0,84.20428419818174,0,0,0.0,0,0,0,0.0,0.5,1,P4_CV0,3,1,1,1,1
5,2535011.582,720257.8531,Age0_F5_m5f5_P5_Y2_UO418,S5_F5_m5f5_P5_Y0_UO1337,S5_F5_m5f5_P5_Y0_UO1743,MXY,0,84.20428419818174,0,0,0.0,0,0,0,0.0,0.5,1,P4_CV0,3,1,1,0,2
5,2535011.582,720257.8531,Age0_F5_m5f5_P5_Y2_UO419,S5_F5_m5f5_P5_Y0_UO1365,S5_F5_m5f5_P5_Y0_UO1395,FXX,0,84.20428419818174,0,0,0.0,0,0,0,0.0,0.375,1,P4_CV0,3,1,1,1,1
5,2535011.582,720257.8531,Age0_F5_m5f5_P5_Y2_UO420,S5_F5_m5f5_P5_Y0_UO1365,S5_F5_m5f5_P5_Y0_UO1395,FXX,0,84.20428419818174,0,0,0.0,0,0,0,0.0,0.375,1,P4_CV0,3,1,1,1,1
5,2535011.582,720257.8531,Age0_F5_m5f5_P5_Y2_UO421,S5_F5_m5f5_P5_Y0_UO1365,S5_F5_m5f5_P5_Y0_UO1395,MXY,0,84.20428419818174,0,0,0.0,0,0,0,0.0,0.375,1,P4_CV0,3,0,2,1,1
5,2535011.582,720257.8531,Age0_F5_m5f5_P5_Y2_UO422,S5_F5_m5f5_P5_Y0_UO1365,S5_F5_m5f5_P5_Y0_UO1395,FXX,0,84.20428419818174,0,0,0.0,0,0,0,0.0,0.375,1,P4_CV0,3,0,2,1,1
5,2535011.582,720257.8531,Age0_F5_m5f5_P5_Y2_UO423,S5_F5_m5f5_P5_Y0_UO1365,S5_F5_m5f5_P5_Y0_UO1395,FXX,0,84.20428419818174,0,0,0.0,0,0,0,0.0,0.375,1,P4_CV0,3,1,1,0,2
5,2535011.582,720257.8531,Age0_F5_m5f5_P5_Y2_UO424,S5_F5_m5f5_P5_Y0_UO1365,S5_F5_m5f5_P5_Y0_UO1395,MXY,0,84.20428419818174,0,0,0.0,0,0,0,0.0,0.375,1,P4_CV0,3,0,2,1,1
5,2535011.582,720257.8531,Age0_F5_m5f5_P5_Y2_UO425,S5_F5_m5f5_P5_Y0_UO1699,S5_F5_m5f5_P5_Y0_UO1628,FXX,0,84.20428419818174,0,0,0.0,0,0,0,0.0,0.125,1,P4_CV0,3,0,2,1,1
5,2535011.582,720257.8531,Age0_F5_m5f5_P5_Y2_UO426,S5_F5_m5f5_P5_Y0_UO1699,S5_F5_m5f5_P5_Y0_UO1628,MXY,0,84.20428419818174,0,0,0.0,0,0,0,0.0,0.125,1,P4_CV0,3,0,2,2,0
5,2535011.582,720257.8531,Age0_F5_m5f5_P5_Y2_UO427,S5_F5_m5f5_P5_Y0_UO1699,S5_F5_m5f5_P5_Y0_UO1628,FXX,0,84.20428419818174,0,0,0.0,0,0,0,0.0,0.125,1,P4_CV0,3,0,2,2,0
5,2535011.582,720257.8531,Age0_F5_m5f5_P5_Y2_UO428,S5_F5_m5f5_P5_Y0_UO1699,S5_F5_m5f5_P5_Y0_UO1628,MXY,0,84.20428419818174,0,0,0.0,0,0,0,0.0,0.125,1,P4_CV0,3,0,2,1,1
5,2535011.582,720257.8531,Age0_F5_m5f5_P5_Y2_UO429,S5_F5_m5f5_P5_Y0_UO1699,S5_F5_m5f5_P5_Y0_UO1628,MXY,0,84.20428419818174,0,0,0.0,0,0,0,0.0,0.125,1,P4_CV0,3,0,2,1,1
5,2535011.582,720257.8531,Age0_F5_m5f5_P5_Y2_UO430,S5_F5_m5f5_P5_Y0_UO1200,S5_F5_m5f5_P5_Y0_UO1638,MXY,0,84.20428419818174,0,0,0.0,0,0,0,0.0,0.375,1,P4_CV0,3,0,2,1,1
5,2535011.582,720257.8531,Age0_F5_m5f5_P5_Y2_UO431,S5_F5_m5f5_P5_Y0_UO1200,S5_F5_m5f5_P5_Y0_UO1638,MXY,0,84.20428419818174,0,0,0.0,0,0,0,0.0,0.375,1,P4_CV0,3,1,1,2,0
5,2535011.582,720257.8531,Age0_F5_m5f5_P5_Y2_UO432,S5_F5_m5f5_P5_Y0_UO1200,S5_F5_m5f5_P5_Y0_UO1638,MXY,0,84.20428419818174,0,0,0.0,0,0,0,0.0,0.375,1,P4_CV0,3,0,2,2,0
5,2535011.582,720257.8531,Age0_F5_m5f5_P5_Y2_UO433,S5_F5_m5f5_P5_Y0_UO1200,S5_F5_m5f5_P5_Y0_UO1638,MXY,0,84.20428419818174,0,0,0.0,0,0,0,0.0,0.375,1,P4_CV0,3,2,0,1,1
5,2535011.582,720257.8531,Age0_F5_m5f5_P5_Y2_UO434,S5_F5_m5f5_P5_Y0_UO1200,S5_F5_m5f5_P5_Y0_UO1638,MXY,0,84.20428419818174,0,0,0.0,0,0,0,0.0,0.375,1,P4_CV0,3,1,1,1,1
5,2535011.582,720257.8531,Age0_F5_m5f5_P5_Y2_UO435,S5_F5_m5f5_P5_Y0_UO1200,S5_F5_m5f5_P5_Y0_UO1638,FXX,0,84.20428419818174,0,0,0.0,0,0,0,0.0,0.375,1,P4_CV0,3,2,0,2,0
5,2535011.582,720257.8531,Age0_F5_m5f5_P5_Y2_UO436,S5_F5_m5f5_P5_Y0_UO1200,S5_F5_m5f5_P5_Y0_UO1638,FXX,0,84.20428419818174,0,0,0.0,0,0,0,0.0,0.375,1,P4_CV0,3,2,0,1,1
5,2535011.582,720257.8531,Age0_F5_m5f5_P5_Y2_UO437,S5_F5_m5f5_P5_Y0_UO1309,S5_F5_m5f5_P5_Y0_UO1281,FXX,0,84.20428419818174,0,0,0.0,0,0,0,0.0,0.375,1,P4_CV0,3,1,1,1,1
5,2535011.582,720257.8531,Age0_F5_m5f5_P5_Y2_UO438,S5_F5_m5f5_P5_Y0_UO1309,S5_F5_m5f5_P5_Y0_UO1281,MXY,0,84.20428419818174,0,0,0.0,0,0,0,0.0,0.375,1,P4_CV0,3,1,1,1,1
5,2535011.582,720257.8531,Age0_F5_m5f5_P5_Y2_UO439,S5_F5_m5f5_P5_Y0_UO1309,S5_F5_m5f5_P5_Y0_UO1281,FXX,0,84.20428419818174,0,0,0.0,0,0,0,0.0,0.375,1,P4_CV0,3,1,1,1,1
5,2535011.582,720257.8531,Age0_F5_m5f5_P5_Y2_UO440,S5_F5_m5f5_P5_Y0_UO1729,S5_F5_m5f5_P5_Y0_UO1657,FXX,0,84.20428419818174,0,0,0.0,0,0,0,0.0,0.625,1,P4_CV0,3,2,0,1,1
5,2535011.582,720257.8531,Age0_F5_m5f5_P5_Y2_UO441,S5_F5_m5f5_P5_Y0_UO1729,S5_F5_m5f5_P5_Y0_UO1657,FXX,0,84.20428419818174,0,0,0.0,0,0,0,0.0,0.625,1,P4_CV0,3,1,1,0,2
5,2535011.582,720257.8531,Age0_F5_m5f5_P5_Y2_UO442,S5_F5_m5f5_P5_Y0_UO1729,S5_F5_m5f5_P5_Y0_UO1657,MXY,0,84.20428419818174,0,0,0.0,0,0,0,0.0,0.625,1,P4_CV0,3,1,1,1,1
5,2535011.582,720257.8531,Age0_F5_m5f5_P5_Y2_UO443,S5_F5_m5f5_P5_Y0_UO1729,S5_F5_m5f5_P5_Y0_UO1657,MXY,0,84.20428419818174,0,0,0.0,0,0,0,0.0,0.625,1,P4_CV0,3,1,1,1,1
5,2535011.582,720257.8531,Age0_F5_m5f5_P5_Y2_UO444,S5_F5_m5f5_P5_Y0_UO1723,S5_F5_m5f5_P5_Y0_UO1628,FXX,0,84.20428419818174,0,0,0.0,0,0,0,0.0,0.0,1,P4_CV0,3,0,2,1,1
5,2535011.582,720257.8531,Age0_F5_m5f5_P5_Y2_UO445,S5_F5_m5f5_P5_Y0_UO1723,S5_F5_m5f5_P5_Y0_UO1628,MXY,0,84.20428419818174,0,0,0.0,0,0,0,0.0,0.0,1,P4_CV0,3,0,2,2,0
5,2535011.582,720257.8531,Age0_F5_m5f5_P5_Y2_UO446,S5_F5_m5f5_P5_Y0_UO1723,S5_F5_m5f5_P5_Y0_UO1628,FXX,0,84.20428419818174,0,0,0.0,0,0,0,0.0,0.0,1,P4_CV0,3,0,2,2,0
5,2535011.582,720257.8531,Age0_F5_m5f5_P5_Y2_UO447,S5_F5_m5f5_P5_Y0_UO1723,S5_F5_m5f5_P5_Y0_UO1628,FXX,0,84.20428419818174,0,0,0.0,0,0,0,0.0,0.0,1,P4_CV0,3,0,2,2,0
5,2535011.582,720257.8531,Age0_F5_m5f5_P5_Y2_UO448,S5_F5_m5f5_P5_Y0_UO1723,S5_F5_m5f5_P5_Y0_UO1628,MXY,0,84.20428419818174,0,0,0.0,0,0,0,0.0,0.0,1,P4_CV0,3,0,2,2,0
5,2535011.582,720257.8531,Age0_F5_m5f5_P5_Y2_UO449,S5_F5_m5f5_P5_Y0_UO1723,S5_F5_m5f5_P5_Y0_UO1628,MXY,0,84.20428419818174,0,0,0.0,0,0,0,0.0,0.0,1,P4_CV0,3,0,2,1,1
5,2535011.582,720257.8531,Age0_F5_m5f5_P5_Y2_UO450,S5_F5_m5f5_P5_Y0_UO1448,S5_F5_m-1f-1_P5_Y-1_U126,FXX,0,84.20428419818174,0,0,0.0,0,0,0,0.0,0.0,1,P4_CV0,3,0,2,1,1
5,2535011.582,720257.8531,Age0_F5_m5f5_P5_Y2_UO451,S5_F5_m5f5_P5_Y0_UO1448,S5_F5_m-1f-1_P5_Y-1_U126,FXX,0,84.20428419818174,0,0,0.0,0,0,0,0.0,0.0,1,P4_CV0,3,0,2,1,1
5,2535011.582,720257.8531,Age0_F5_m5f5_P5_Y2_UO452,S5_F5_m5f5_P5_Y0_UO1448,S5_F5_m-1f-1_P5_Y-1_U126,MXY,0,84.20428419818174,0,0,0.0,0,0,0,0.0,0.0,1,P4_CV0,3,0,2,1,1
5,2535011.582,720257.8531,Age0_F5_m5f5_P5_Y2_UO453,S5_F5_m5f5_P5_Y0_UO1448,S5_F5_m-1f-1_P5_Y-1_U126,MXY,0,84.20428419818174,0,0,0.0,0,0,0,0.0,0.0,1,P4_CV0,3,0,2,1,1
5,2535011.582,720257.8531,Age0_F5_m5f5_P5_Y2_UO454,S5_F5_m5f5_P5_Y0_UO1448,S5_F5_m-1f-1_P5_Y-1_U126,FXX,0,84.20428419818174,0,0,0.0,0,0,0,0.0,0.0,1,P4_CV0,3,0,2,1,1
5,2535011.582,720257.8531,Age0_F5_m5f5_P5_Y2_UO455,S5_F5_m5f5_P5_Y0_UO1509,S5_F5_m5f5_P5_Y0_UO1240,FXX,0,84.20428419818174,0,0,0.0,0,0,0,0.0,0.875,1,P4_CV0,3,2,0,0,2
5,2535011.582,720257.8531,Age0_F5_m5f5_P5_Y2_UO456,S5_F5_m5f5_P5_Y0_UO1509,S5_F5_m5f5_P5_Y0_UO1240,MXY,0,84.20428419818174,0,0,0.0,0,0,0,0.0,0.875,1,P4_CV0,3,2,0,1,1
5,2535011.582,720257.8531,Age0_F5_m5f5_P5_Y2_UO457,S5_F5_m5f5_P5_Y0_UO1509,S5_F5_m5f5_P5_Y0_UO1240,FXX,0,84.20428419818174,0,0,0.0,0,0,0,0.0,0.875,1,P4_CV0,3,2,0,2,0
5,2535011.582,720257.8531,Age0_F5_m5f5_P5_Y2_UO458,S5_F5_m5f5_P5_Y0_UO1509,S5_F5_m5f5_P5_Y0_UO1240,FXX,0,84.20428419818174,0,0,0.0,0,0,0,0.0,0.875,1,P4_CV0,3,2,0,0,2
5,2535011.582,720257.8531,Age0_F5_m5f5_P5_Y2_UO459,S5_F5_m5f5_P5_Y0_UO1509,S5_F5_m5f5_P5_Y0_UO1240,MXY,0,84.20428419818174,0,0,0.0,0,0,0,0.0,0.875,1,P4_CV0,3,2,0,2,0
5,2535011.582,720257.8531,Age0_F5_m5f5_P5_Y2_UO460,S5_F5_m5f5_P5_Y0_UO1615,S5_F5_m5f5_P5_Y0_UO1743,FXX,0,84.20428419818174,0,0,0.0,0,0,0,0.0,0.25,1,P4_CV0,3,0,2,2,0
5,2535011.582,720257.8531,Age0_F5_m5f5_P5_Y2_UO461,S5_F5_m5f5_P5_Y0_UO1615,S5_F5_m5f5_P5_Y0_UO1743,MXY,0,84.20428419818174,0,0,0.0,0,0,0,0.0,0.25,1,P4_CV0,3,1,1,1,1
5,2535011.582,720257.8531,Age0_F5_m5f5_P5_Y2_UO462,S5_F5_m5f5_P5_Y0_UO1615,S5_F5_m5f5_P5_Y0_UO1743,MXY,0,84.20428419818174,0,0,0.0,0,0,0,0.0,0.25,1,P4_CV0,3,1,1,1,1
5,2535011.582,720257.8531,Age0_F5_m5f5_P5_Y2_UO463,S5_F5_m5f5_P5_Y0_UO1295,S5_F5_m5f5_P5_Y0_UO1202,MXY,0,84.20428419818174,0,0,0.0,0,0,0,0.0,0.5,1,P4_CV0,3,1,1,0,2
5,2535011.582,720257.8531,Age0_F5_m5f5_P5_Y2_UO464,S5_F5_m5f5_P5_Y0_UO1295,S5_F5_m5f5_P5_Y0_UO1202,FXX,0,84.20428419818174,0,0,0.0,0,0,0,0.0,0.5,1,P4_CV0,3,1,1,0,2
5,2535011.582,720257.8531,Age0_F5_m5f5_P5_Y2_UO465,S5_F5_m5f5_P5_Y0_UO1295,S5_F5_m5f5_P5_Y0_UO1202,FXX,0,84.20428419818174,0,0,0.0,0,0,0,0.0,0.5,1,P4_CV0,3,1,1,1,1
5,2535011.582,720257.8531,Age0_F5_m5f5_P5_Y2_UO466,S5_F5_m5f5_P5_Y0_UO1295,S5_F5_m5f5_P5_Y0_UO1202,FXX,0,84.20428419818174,0,0,0.0,0,0,0,0.0,0.5,1,P4_CV0,3,1,1,1,1
5,2535011.582,720257.8531,Age0_F5_m5f5_P5_Y2_UO467,S5_F5_m5f5_P5_Y0_UO1295,S5_F5_m5f5_P5_Y0_UO1202,FXX,0,84.20428419818174,0,0,0.0,0,0,0,0.0,0.5,1,P4_CV0,3,1,1,0,2
5,2535011.582,720257.8531,Age0_F5_m5f5_P5_Y2_UO468,S5_F5_m5f5_P5_Y0_UO1295,S5_F5_m5f5_P5_Y0_UO1202,FXX,0,84.20428419818174,0,0,0.0,0,0,0,0.0,0.5,1,P4_CV0,3,1,1,1,1
5,2535011.582,720257.8531,Age0_F5_m5f5_P5_Y2_UO469,S5_F5_m5f5_P5_Y0_UO1295,S5_F5_m5f5_P5_Y0_UO1202,MXY,0,84.20428419818174,0,0,0.0,0,0,0,0.0,0.5,1,P4_CV0,3,1,1,1,1
5,2535011.582,720257.8531,Age0_F5_m5f5_P5_Y2_UO470,S5_F5_m5f5_P5_Y0_UO1559,S5_F5_m5f5_P5_Y0_UO1757,FXX,0,84.20428419818174,0,0,0.0,0,0,0,0.0,0.75,1,P4_CV0,3,2,0,0,2
5,2535011.582,720257.8531,Age0_F5_m5f5_P5_Y2_UO471,S5_F5_m5f5_P5_Y0_UO1559,S5_F5_m5f5_P5_Y0_UO1757,MXY,0,84.20428419818174,0,0,0.0,0,0,0,0.0,0.75,1,P4_CV0,3,2,0,0,2
5,2535011.582,720257.8531,Age0_F5_m5f5_P5_Y2_UO472,S5_F5_m5f5_P5_Y0_UO1559,S5_F5_m5f5_P5_Y0_UO1757,MXY,0,84.20428419818174,0,0,0.0,0,0,0,0.0,0.75,1,P4_CV0,3,1,1,0,2
5,2535011.582,720257.8531,Age0_F5_m5f5_P5_Y2_UO473,S5_F5_m5f5_P5_Y0_UO1462,S5_F5_m5f5_P5_Y0_UO1757,MXY,0,84.20428419818174,0,0,0.0,0,0,0,0.0,0.5,1,P4_CV0,3,2,0,0,2
5,2535011.582,720257.8531,Age0_F5_m5f5_P5_Y2_UO474,S5_F5_m5f5_P5_Y0_UO1462,S5_F5_m5f5_P5_Y0_UO1757,MXY,0,84.20428419818174,0,0,0.0,0,0,0,0.0,0.5,1,P4_CV0,3,1,1,1,1
5,2535011.582,720257.8531,Age0_F5_m5f5_P5_Y2_UO475,S5_F5_m5f5_P5_Y0_UO1462,S5_F5_m5f5_P5_Y0_UO1757,MXY,0,84.20428419818174,0,0,0.0,0,0,0,0.0,0.5,1,P4_CV0,3,0,2,0,2
5,2535011.582,720257.8531,Age0_F5_m5f5_P5_Y2_UO476,S5_F5_m5f5_P5_Y0_UO1462,S5_F5_m5f5_P5_Y0_UO1757,FXX,0,84.20428419818174,0,0,0.0,0,0,0,0.0,0.5,1,P4_CV0,3,1,1,1,1
5,2535011.582,720257.8531,Age0_F5_m5f5_P5_Y2_UO477,S5_F5_m5f5_P5_Y0_UO1197,S5_F5_m5f5_P5_Y0_UO1757,FXX,0,84.20428419818174,0,0,0.0,0,0,0,0.0,0.375,1,P4_CV0,3,0,2,1,1
5,2535011.582,720257.8531,Age0_F5_m5f5_P5_Y2_UO478,S5_F5_m5f5_P5_Y0_UO1197,S5_F5_m5f5_P5_Y0_UO1757,FXX,0,84.20428419818174,0,0,0.0,0,0,0,0.0,0.375,1,P4_CV0,3,0,2,0,2
5,2535011.582,720257.8531,Age0_F5_m5f5_P5_Y2_UO479,S5_F5_m5f5_P5_Y0_UO1197,S5_F5_m5f5_P5_Y0_UO1757,FXX,0,84.20428419818174,0,0,0.0,0,0,0,0.0,0.375,1,P4_CV0,3,1,1,1,1
5,2535011.582,720257.8531,Age0_F5_m5f5_P5_Y2_UO480,S5_F5_m5f5_P5_Y0_UO1388,S5_F5_m5f5_P5_Y0_UO1758,MXY,0,84.20428419818174,0,0,0.0,0,0,0,0.0,0.5,1,P4_CV0,3,0,2,2,0
5,2535011.582,720257.8531,Age0_F5_m5f5_P5_Y2_UO481,S5_F5_m5f5_P5_Y0_UO1388,S5_F5_m5f5_P5_Y0_UO1758,MXY,0,84.20428419818174,0,0,0.0,0,0,0,0.0,0.5,1,P4_CV0,3,0,2,1,1
5,2535011.582,720257.8531,Age0_F5_m5f5_P5_Y2_UO482,S5_F5_m5f5_P5_Y0_UO1388,S5_F5_m5f5_P5_Y0_UO1758,MXY,0,84.20428419818174,0,0,0.0,0,0,0,0.0,0.5,1,P4_CV0,3,0,2,1,1
5,2535011.582,720257.8531,Age0_F5_m5f5_P5_Y2_UO483,S5_F5_m5f5_P5_Y0_UO1388,S5_F5_m5f5_P5_Y0_UO1758,FXX,0,84.20428419818174,0,0,0.0,0,0,0,0.0,0.5,1,P4_CV0,3,1,1,0,2
5,2535011.582,720257.8531,Age0_F5_m5f5_P5_Y2_UO484,S5_F5_m5f5_P5_Y0_UO1390,S5_F5_m5f5_P5_Y0_UO1541,MXY,0,84.20428419818174,0,0,0.0,0,0,0,0.0,0.625,1,P4_CV0,3,1,1,1,1
5,2535011.582,720257.8531,Age0_F5_m5f5_P5_Y2_UO485,S5_F5_m5f5_P5_Y0_UO1390,S5_F5_m5f5_P5_Y0_UO1541,MXY,0,84.20428419818174,0,0,0.0,0,0,0,0.0,0.625,1,P4_CV0,3,1,1,1,1
5,2535011.582,720257.8531,Age0_F5_m5f5_P5_Y2_UO486,S5_F5_m5f5_P5_Y0_UO1390,S5_F5_m5f5_P5_Y0_UO1541,FXX,0,84.20428419818174,0,0,0.0,0,0,0,0.0,0.625,1,P4_CV0,3,0,2,1,1
5,2535011.582,720257.8531,Age0_F5_m5f5_P5_Y2_UO487,S5_F5_m5f5_P5_Y0_UO1490,S5_F5_m5f5_P5_Y0_UO1774,FXX,0,84.20428419818174,0,0,0.0,0,0,0,0.0,0.625,1,P4_CV0,3,0,2,1,1
5,2535011.582,720257.8531,Age0_F5_m5f5_P5_Y2_UO488,S5_F5_m5f5_P5_Y0_UO1490,S5_F5_m5f5_P5_Y0_UO1774,MXY,0,84.20428419818174,0,0,0.0,0,0,0,0.0,0.625,1,P4_CV0,3,1,1,1,1
5,2535011.582,720257.8531,Age0_F5_m5f5_P5_Y2_UO489,S5_F5_m5f5_P5_Y0_UO1490,S5_F5_m5f5_P5_Y0_UO1774,MXY,0,84.20428419818174,0,0,0.0,0,0,0,0.0,0.625,1,P4_CV0,3,1,1,1,1
5,2535011.582,720257.8531,Age0_F5_m5f5_P5_Y2_UO490,S5_F5_m5f5_P5_Y0_UO1490,S5_F5_m5f5_P5_Y0_UO1774,FXX,0,84.20428419818174,0,0,0.0,0,0,0,0.0,0.625,1,P4_CV0,3,0,2,2,0
5,2535011.582,720257.8531,Age0_F5_m5f5_P5_Y2_UO491,S5_F5_m5f5_P5_Y0_UO1490,S5_F5_m5f5_P5_Y0_UO1774,FXX,0,84.20428419818174,0,0,0.0,0,0,0,0.0,0.625,1,P4_CV0,3,2,0,1,1
5,2535011.582,720257.8531,Age0_F5_m5f5_P5_Y2_UO492,S5_F5_m5f5_P5_Y0_UO1490,S5_F5_m5f5_P5_Y0_UO1774,FXX,0,84.20428419818174,0,0,0.0,0,0,0,0.0,0.625,1,P4_CV0,3,1,1,2,0
5,2535011.582,720257.8531,Age0_F5_m5f5_P5_Y2_UO493,S5_F5_m5f5_P5_Y0_UO1490,S5_F5_m5f5_P5_Y0_UO1774,FXX,0,84.20428419818174,0,0,0.0,0,0,0,0.0,0.625,1,P4_CV0,3,2,0,2,0
5,2535011.582,720257.8531,Age0_F5_m5f5_P5_Y2_UO494,S5_F5_m5f5_P5_Y0_UO1490,S5_F5_m5f5_P5_Y0_UO1774,MXY,0,84.20428419818174,0,0,0.0,0,0,0,0.0,0.625,1,P4_CV0,3,1,1,2,0
5,2535011.582,720257.8531,Age0_F5_m5f5_P5_Y2_UO495,S5_F5_m5f5_P5_Y0_UO1318,S5_F5_m5f5_P5_Y0_UO1571,FXX,0,84.20428419818174,0,0,0.0,0,0,0,0.0,0.625,1,P4_CV0,3,1,1,0,2
5,2535011.582,720257.8531,Age0_F5_m5f5_P5_Y2_UO496,S5_F5_m5f5_P5_Y0_UO1318,S5_F5_m5f5_P5_Y0_UO1571,FXX,0,84.20428419818174,0,0,0.0,0,0,0,0.0,0.625,1,P4_CV0,3,2,0,1,1
5,2535011.582,720257.8531,Age0_F5_m5f5_P5_Y2_UO497,S5_F5_m5f5_P5_Y0_UO1647,S5_F5_m5f5_P5_Y0_UO1628,FXX,0,84.20428419818174,0,0,0.0,0,0,0,0.0,0.375,1,P4_CV0,3,1,1,1,1
5,2535011.582,720257.8531,Age0_F5_m5f5_P5_Y2_UO498,S5_F5_m5f5_P5_Y0_UO1647,S5_F5_m5f5_P5_Y0_UO1628,FXX,0,84.20428419818174,0,0,0.0,0,0,0,0.0,0.375,1,P4_CV0,3,1,1,1,1
5,2535011.582,720257.8531,Age0_F5_m5f5_P5_Y2_UO499,S5_F5_m5f5_P5_Y0_UO1647,S5_F5_m5f5_P5_Y0_UO1628,FXX,0,84.20428419818174,0,0,0.0,0,0,0,0.0,0.375,1,P4_CV0,3,1,1,2,0
5,2535011.582,720257.8531,Age0_F5_m5f5_P5_Y2_UO500,S5_F5_m5f5_P5_Y0_UO1647,S5_F5_m5f5_P5_Y0_UO1628,FXX,0,84.20428419818174,0,0,0.0,0,0,0,0.0,0.375,1,P4_CV0,3,1,1,0,2
5,2535011.582,720257.8531,Age0_F5_m5f5_P5_Y2_UO501,S5_F5_m5f5_P5_Y0_UO1647,S5_F5_m5f5_P5_Y0_UO1628,MXY,0,84.20428419818174,0,0,0.0,0,0,0,0.0,0.375,1,P4_CV0,3,1,1,1,1
5,2535011.582,720257.8531,Age0_F5_m5f5_P5_Y2_UO502,S5_F5_m5f5_P5_Y0_UO1647,S5_F5_m5f5_P5_Y0_UO1628,MXY,0,84.20428419818174,0,0,0.0,0,0,0,0.0,0.375,1,P4_CV0,3,1,1,0,2
5,2535011.582,720257.8531,Age0_F5_m5f5_P5_Y2_UO503,S5_F5_m5f5_P5_Y0_UO1647,S5_F5_m5f5_P5_Y0_UO1628,MXY,0,84.20428419818174,0,0,0.0,0,0,0,0.0,0.375,1,P4_CV0,3,1,1,1,1
5,2535011.582,720257.8531,Age0_F5_m5f5_P5_Y2_UO504,S5_F5_m5f5_P5_Y0_UO1436,S5_F5_m5f5_P5_Y0_UO1299,MXY,0,84.20428419818174,0,0,0.0,0,0,0,0.0,0.625,1,P4_CV0,3,1,1,2,0
5,2535011.582,720257.8531,Age0_F5_m5f5_P5_Y2_UO505,S5_F5_m5f5_P5_Y0_UO1436,S5_F5_m5f5_P5_Y0_UO1299,FXX,0,84.20428419818174,0,0,0.0,0,0,0,0.0,0.625,1,P4_CV0,3,1,1,1,1
5,2535011.582,720257.8531,Age0_F5_m5f5_P5_Y2_UO506,S5_F5_m5f5_P5_Y0_UO1436,S5_F5_m5f5_P5_Y0_UO1299,MXY,0,84.20428419818174,0,0,0.0,0,0,0,0.0,0.625,1,P4_CV0,3,1,1,2,0
5,2535011.582,720257.8531,Age0_F5_m5f5_P5_Y2_UO507,S5_F5_m5f5_P5_Y0_UO1354,S5_F5_m5f5_P5_Y0_UO1456,FXX,0,84.20428419818174,0,0,0.0,0,0,0,0.0,0.375,1,P4_CV0,3,2,0,1,1
5,2535011.582,720257.8531,Age0_F5_m5f5_P5_Y2_UO508,S5_F5_m5f5_P5_Y0_UO1354,S5_F5_m5f5_P5_Y0_UO1456,MXY,0,84.20428419818174,0,0,0.0,0,0,0,0.0,0.375,1,P4_CV0,3,2,0,2,0
5,2535011.582,720257.8531,Age0_F5_m5f5_P5_Y2_UO509,S5_F5_m5f5_P5_Y0_UO1442,S5_F5_m5f5_P5_Y0_UO1226,MXY,0,84.20428419818174,0,0,0.0,0,0,0,0.0,0.125,1,P4_CV0,3,1,1,1,1
5,2535011.582,720257.8531,Age0_F5_m5f5_P5_Y2_UO510,S5_F5_m5f5_P5_Y0_UO1442,S5_F5_m5f5_P5_Y0_UO1226,FXX,0,84.20428419818174,0,0,0.0,0,0,0,0.0,0.125,1,P4_CV0,3,0,2,1,1
5,2535011.582,720257.8531,Age0_F5_m5f5_P5_Y2_UO511,S5_F5_m5f5_P5_Y0_UO1442,S5_F5_m5f5_P5_Y0_UO1226,MXY,0,84.20428419818174,0,0,0.0,0,0,0,0.0,0.125,1,P4_CV0,3,1,1,1,1
5,2535011.582,720257.8531,Age0_F5_m5f5_P5_Y2_UO512,S5_F5_m5f5_P5_Y0_UO1442,S5_F5_m5f5_P5_Y0_UO1226,FXX,0,84.20428419818174,0,0,0.0,0,0,0,0.0,0.125,1,P4_CV0,3,0,2,1,1
5,2535011.582,720257.8531,Age0_F5_m5f5_P5_Y2_UO513,S5_F5_m5f5_P5_Y0_UO1442,S5_F5_m5f5_P5_Y0_UO1226,MXY,0,84.20428419818174,0,0,0.0,0,0,0,0.0,0.125,1,P4_CV0,3,1,1,2,0
5,2535011.582,720257.8531,Age0_F5_m5f5_P5_Y2_UO514,S5_F5_m5f5_P5_Y0_UO1442,S5_F5_m5f5_P5_Y0_UO1226,FXX,0,84.20428419818174,0,0,0.0,0,0,0,0.0,0.125,1,P4_CV0,3,1,1,1,1
5,2535011.582,720257.8531,Age0_F5_m5f5_P5_Y2_UO515,S5_F5_m5f5_P5_Y0_UO1442,S5_F5_m5f5_P5_Y0_UO1226,FXX,0,84.20428419818174,0,0,0.0,0,0,0,0.0,0.125,1,P4_CV0,3,0,2,0,2
5,2535011.582,720257.8531,Age0_F5_m5f5_P5_Y2_UO516,S5_F5_m5f5_P5_Y0_UO1442,S5_F5_m5f5_P5_Y0_UO1226,MXY,0,84.20428419818174,0,0,0.0,0,0,0,0.0,0.125,1,P4_CV0,3,0,2,0,2
5,2535011.582,720257.8531,Age0_F5_m5f5_P5_Y2_UO517,S5_F5_m5f5_P5_Y0_UO1442,S5_F5_m5f5_P5_Y0_UO1226,FXX,0,84.20428419818174,0,0,0.0,0,0,0,0.0,0.125,1,P4_CV0,3,1,1,1,1
5,2535011.582,720257.8531,Age0_F5_m5f5_P5_Y2_UO518,S5_F5_m5f5_P5_Y0_UO1442,S5_F5_m5f5_P5_Y0_UO1226,FXX,0,84.20428419818174,0,0,0.0,0,0,0,0.0,0.125,1,P4_CV0,3,1,1,2,0
5,2535011.582,720257.8531,Age0_F5_m5f5_P5_Y2_UO519,S5_F5_m5f5_P5_Y0_UO1420,S5_F5_m5f5_P5_Y0_UO1743,MXY,0,84.20428419818174,0,0,0.0,0,0,0,0.0,0.25,1,P4_CV0,3,0,2,1,1
5,2535011.582,720257.8531,Age0_F5_m5f5_P5_Y2_UO520,S5_F5_m5f5_P5_Y0_UO1420,S5_F5_m5f5_P5_Y0_UO1743,FXX,0,84.20428419818174,0,0,0.0,0,0,0,0.0,0.25,1,P4_CV0,3,0,2,1,1
5,2535011.582,720257.8531,Age0_F5_m5f5_P5_Y2_UO521,S5_F5_m5f5_P5_Y0_UO1420,S5_F5_m5f5_P5_Y0_UO1743,MXY,0,84.20428419818174,0,0,0.0,0,0,0,0.0,0.25,1,P4_CV0,3,1,1,1,1
5,2535011.582,720257.8531,Age0_F5_m5f5_P5_Y2_UO522,S5_F5_m5f5_P5_Y0_UO1420,S5_F5_m5f5_P5_Y0_UO1743,FXX,0,84.20428419818174,0,0,0.0,0,0,0,0.0,0.25,1,P4_CV0,3,0,2,2,0
5,2535011.582,720257.8531,Age0_F5_m5f5_P5_Y2_UO523,S5_F5_m5f5_P5_Y0_UO1695,S5_F5_m5f5_P5_Y0_UO1429,MXY,0,84.20428419818174,0,0,0.0,0,0,0,0.0,0.5,1,P4_CV0,3,1,1,1,1
5,2535011.582,720257.8531,Age0_F5_m5f5_P5_Y2_UO524,S5_F5_m5f5_P5_Y0_UO1695,S5_F5_m5f5_P5_Y0_UO1429,MXY,0,84.20428419818174,0,0,0.0,0,0,0,0.0,0.5,1,P4_CV0,3,1,1,1,1
5,2535011.582,720257.8531,Age0_F5_m5f5_P5_Y2_UO525,S5_F5_m-1f-1_P5_Y-1_U29,S5_F5_m5f5_P5_Y0_UO1325,FXX,0,84.20428419818174,0,0,0.0,0,0,0,0.0,0.5,1,P4_CV0,3,1,1,1,1
5,2535011.582,720257.8531,Age0_F5_m5f5_P5_Y2_UO526,S5_F5_m-1f-1_P5_Y-1_U29,S5_F5_m5f5_P5_Y0_UO1325,FXX,0,84.20428419818174,0,0,0.0,0,0,0,0.0,0.5,1,P4_CV0,3,1,1,1,1
5,2535011.582,720257.8531,Age0_F5_m5f5_P5_Y2_UO527,S5_F5_m-1f-1_P5_Y-1_U29,S5_F5_m5f5_P5_Y0_UO1325,MXY,0,84.20428419818174,0,0,0.0,0,0,0,0.0,0.5,1,P4_CV0,3,2,0,1,1
5,2535011.582,720257.8531,Age0_F5_m5f5_P5_Y2_UO528,S5_F5_m-1f-1_P5_Y-1_U29,S5_F5_m5f5_P5_Y0_UO1325,FXX,0,84.20428419818174,0,0,0.0,0,0,0,0.0,0.5,1,P4_CV0,3,1,1,1,1
5,2535011.582,720257.8531,Age0_F5_m5f5_P5_Y2_UO529,S5_F5_m-1f-1_P5_Y-1_U29,S5_F5_m5f5_P5_Y0_UO1325,FXX,0,84.20428419818174,0,0,0.0,0,0,0,0.0,0.5,1,P4_CV0,3,2,0,1,1
5,2535011.582,720257.8531,Age0_F5_m5f5_P5_Y2_UO530,S5_F5_m-1f-1_P5_Y-1_U43,S5_F5_m5f5_P5_Y0_UO1429,MXY,0,84.20428419818174,0,0,0.0,0,0,0,0.0,0.375,1,P4_CV0,3,0,2,1,1
5,2535011.582,720257.8531,Age0_F5_m5f5_P5_Y2_UO531,S5_F5_m-1f-1_P5_Y-1_U75,S5_F5_m5f5_P5_Y0_UO1668,MXY,0,84.20428419818174,0,0,0.0,0,0,0,0.0,0.625,1,P4_CV0,3,2,0,0,2
5,2535011.582,720257.8531,Age0_F5_m5f5_P5_Y2_UO532,S5_F5_m-1f-1_P5_Y-1_U75,S5_F5_m5f5_P5_Y0_UO1668,FXX,0,84.20428419818174,0,0,0.0,0,0,0,0.0,0.625,1,P4_CV0,3,1,1,1,1
5,2535011.582,720257.8531,Age0_F5_m5f5_P5_Y2_UO533,S5_F5_m-1f-1_P5_Y-1_U75,S5_F5_m5f5_P5_Y0_UO1668,FXX,0,84.20428419818174,0,0,0.0,0,0,0,0.0,0.625,1,P4_CV0,3,1,1,2,0
5,2535011.582,720257.8531,Age0_F5_m5f5_P5_Y2_UO534,S5_F5_m-1f-1_P5_Y-1_U75,S5_F5_m5f5_P5_Y0_UO1668,FXX,0,84.20428419818174,0,0,0.0,0,0,0,0.0,0.625,1,P4_CV0,3,1,1,2,0
5,2535011.582,720257.8531,Age0_F5_m5f5_P5_Y2_UO535,S5_F5_m-1f-1_P5_Y-1_U75,S5_F5_m5f5_P5_Y0_UO1668,MXY,0,84.20428419818174,0,0,0.0,0,0,0,0.0,0.625,1,P4_CV0,3,2,0,1,1
5,2535011.582,720257.8531,Age0_F5_m5f5_P5_Y2_UO536,S5_F5_m-1f-1_P5_Y-1_U75,S5_F5_m5f5_P5_Y0_UO1668,FXX,0,84.20428419818174,0,0,0.0,0,0,0,0.0,0.625,1,P4_CV0,3,1,1,0,2
5,2535011.582,720257.8531,Age0_F5_m5f5_P5_Y2_UO537,S5_F5_m-1f-1_P5_Y-1_U75,S5_F5_m5f5_P5_Y0_UO1668,MXY,0,84.20428419818174,0,0,0.0,0,0,0,0.0,0.625,1,P4_CV0,3,1,1,1,1
5,2535011.582,720257.8531,Age0_F5_m5f5_P5_Y2_UO538,S5_F5_m-1f-1_P5_Y-1_U75,S5_F5_m5f5_P5_Y0_UO1668,MXY,0,84.20428419818174,0,0,0.0,0,0,0,0.0,0.625,1,P4_CV0,3,2,0,2,0
5,2535011.582,720257.8531,Age0_F5_m5f5_P5_Y2_UO539,S5_F5_m-1f-1_P5_Y-1_U75,S5_F5_m5f5_P5_Y0_UO1668,MXY,0,84.20428419818174,0,0,0.0,0,0,0,0.0,0.625,1,P4_CV0,3,2,0,1,1
5,2535011.582,720257.8531,Age0_F5_m5f5_P5_Y2_UO540,S5_F5_m-1f-1_P5_Y-1_U75,S5_F5_m5f5_P5_Y0_UO1668,MXY,0,84.20428419818174,0,0,0.0,0,0,0,0.0,0.625,1,P4_CV0,3,1,1,0,2
5,2535011.582,720257.8531,Age0_F5_m5f5_P5_Y2_UO541,S5_F5_m-1f-1_P5_Y-1_U75,S5_F5_m5f5_P5_Y0_UO1668,MXY,0,84.20428419818174,0,0,0.0,0,0,0,0.0,0.625,1,P4_CV0,3,1,1,2,0
5,2535011.582,720257.8531,Age0_F5_m5f5_P5_Y2_UO542,S5_F5_m-1f-1_P5_Y-1_U75,S5_F5_m5f5_P5_Y0_UO1668,MXY,0,84.20428419818174,0,0,0.0,0,0,0,0.0,0.625,1,P4_CV0,3,1,1,1,1
5,2535011.582,720257.8531,Age0_F5_m5f5_P5_Y2_UO543,S5_F5_m-1f-1_P5_Y-1_U75,S5_F5_m5f5_P5_Y0_UO1668,MXY,0,84.20428419818174,0,0,0.0,0,0,0,0.0,0.625,1,P4_CV0,3,2,0,1,1
5,2535011.582,720257.8531,Age0_F5_m5f5_P5_Y2_UO544,S5_F5_m-1f-1_P5_Y-1_U75,S5_F5_m5f5_P5_Y0_UO1668,FXX,0,84.20428419818174,0,0,0.0,0,0,0,0.0,0.625,1,P4_CV0,3,1,1,1,1
5,2535011.582,720257.8531,Age0_F5_m5f5_P5_Y2_UO545,S5_F5_m-1f-1_P5_Y-1_U75,S5_F5_m5f5_P5_Y0_UO1668,FXX,0,84.20428419818174,0,0,0.0,0,0,0,0.0,0.625,1,P4_CV0,3,1,1,1,1
5,2535011.582,720257.8531,Age0_F5_m5f5_P5_Y2_UO546,S5_F5_m-1f-1_P5_Y-1_U75,S5_F5_m5f5_P5_Y0_UO1668,MXY,0,84.20428419818174,0,0,0.0,0,0,0,0.0,0.625,1,P4_CV0,3,2,0,1,1
5,2535011.582,720257.8531,Age0_F5_m5f5_P5_Y2_UO547,S5_F5_m-1f-1_P5_Y-1_U75,S5_F5_m5f5_P5_Y0_UO1668,FXX,0,84.20428419818174,0,0,0.0,0,0,0,0.0,0.625,1,P4_CV0,3,1,1,0,2
5,2535011.582,720257.8531,Age0_F5_m5f5_P5_Y2_UO548,S5_F5_m-1f-1_P5_Y-1_U75,S5_F5_m5f5_P5_Y0_UO1668,FXX,0,84.20428419818174,0,0,0.0,0,0,0,0.0,0.625,1,P4_CV0,3,2,0,1,1
5,2535011.582,720257.8531,Age0_F5_m5f5_P5_Y2_UO549,S5_F5_m-1f-1_P5_Y-1_U75,S5_F5_m5f5_P5_Y0_UO1668,MXY,0,84.20428419818174,0,0,0.0,0,0,0,0.0,0.625,1,P4_CV0,3,1,1,1,1
5,2535011.582,720257.8531,Age0_F5_m5f5_P5_Y2_UO550,S5_F5_m-1f-1_P5_Y-1_U75,S5_F5_m5f5_P5_Y0_UO1668,FXX,0,84.20428419818174,0,0,0.0,0,0,0,0.0,0.625,1,P4_CV0,3,2,0,2,0
5,2535011.582,720257.8531,Age0_F5_m5f5_P5_Y2_UO551,S5_F5_m-1f-1_P5_Y-1_U75,S5_F5_m5f5_P5_Y0_UO1668,MXY,0,84.20428419818174,0,0,0.0,0,0,0,0.0,0.625,1,P4_CV0,3,1,1,0,2
7,2527429.642,708511.8011,E7_F7_m7f7_P7_Y1_UO643,S7_F7_m-1f-1_P7_Y-1_U111,S7_F7_m-1f-1_P7_Y-1_U62,MXY,1,115.88670360763803,1,1,0.0,0,0,0,-9999.0,0.25,1,P6_CV0,3,1,1,1,1
7,2527429.642,708511.8011,E7_F7_m7f7_P7_Y1_UO651,S7_F7_m-1f-1_P7_Y-1_U30,S7_F7_m-1f-1_P7_Y-1_U175,FXX,1,115.88670360763803,1,1,1.0,0,0,0,-9999.0,0.25,1,P6_CV0,3,1,1,1,1
7,2527429.642,708511.8011,E7_F7_m7f7_P7_Y1_UO757,S7_F7_m-1f-1_P7_Y-1_U65,S7_F7_m-1f-1_P7_Y-1_U5,MXY,1,115.88670360763803,1,1,0.0,0,0,0,-9999.0,0.25,1,P6_CV0,3,1,1,2,0
7,2527429.642,708511.8011,E7_F7_m7f7_P7_Y1_UO750,S7_F7_m-1f-1_P7_Y-1_U65,S7_F7_m-1f-1_P7_Y-1_U5,FXX,1,115.88670360763803,1,1,1.0,0,0,0,-9999.0,0.25,1,P6_CV0,3,0,2,2,0
7,2527429.642,708511.8011,E7_F7_m7f7_P7_Y1_UO755,S7_F7_m-1f-1_P7_Y-1_U65,S7_F7_m-1f-1_P7_Y-1_U5,MXY,1,115.88670360763803,1,1,0.0,0,0,0,-9999.0,0.25,1,P6_CV0,3,1,1,1,1
7,2527429.642,708511.8011,E7_F7_m7f7_P7_Y1_UO699,S7_F7_m-1f-1_P7_Y-1_U40,S7_F7_m-1f-1_P7_Y-1_U162,MXY,1,115.88670360763803,1,1,0.0,0,0,0,-9999.0,0.5,1,P6_CV0,3,2,0,1,1
7,2527429.642,708511.8011,E7_F7_m7f7_P7_Y1_UO631,S7_F7_m-1f-1_P7_Y-1_U2,S7_F7_m-1f-1_P7_Y-1_U39,MXY,1,115.88670360763803,1,1,0.0,0,0,0,-9999.0,0.5,1,P6_CV0,3,1,1,2,0
7,2527429.642,708511.8011,E7_F7_m7f7_P7_Y1_UO665,S7_F7_m-1f-1_P7_Y-1_U24,S7_F7_m-1f-1_P7_Y-1_U199,MXY,1,115.88670360763803,1,1,0.0,0,0,0,-9999.0,0.75,1,P6_CV0,3,1,1,1,1
7,2527429.642,708511.8011,E7_F7_m7f7_P7_Y1_UO642,S7_F7_m-1f-1_P7_Y-1_U111,S7_F7_m-1f-1_P7_Y-1_U62,MXY,1,115.88670360763803,1,1,0.0,0,0,0,-9999.0,0.25,1,P6_CV0,3,1,1,1,1
7,2527429.642,708511.8011,E7_F7_m7f7_P7_Y1_UO726,S7_F7_m-1f-1_P7_Y-1_U118,S7_F7_m-1f-1_P7_Y-1_U175,MXY,1,115.88670360763803,1,1,0.0,0,0,0,-9999.0,0.5,1,P6_CV0,3,1,1,2,0
7,2527429.642,708511.8011,E7_F7_m7f7_P7_Y1_UO620,S7_F7_m-1f-1_P7_Y-1_U169,S7_F7_m-1f-1_P7_Y-1_U21,FXX,1,115.88670360763803,1,1,1.0,0,0,0,-9999.0,0.25,1,P6_CV0,3,1,1,1,1
7,2527429.642,708511.8011,E7_F7_m7f7_P7_Y1_UO741,S7_F7_m-1f-1_P7_Y-1_U87,S7_F7_m-1f-1_P7_Y-1_U115,FXX,1,115.88670360763803,1,1,1.0,0,0,0,-9999.0,1.0,1,P6_CV0,3,2,0,2,0
7,2527429.642,708511.8011,E7_F7_m7f7_P7_Y1_UO629,S7_F7_m-1f-1_P7_Y-1_U2,S7_F7_m-1f-1_P7_Y-1_U39,FXX,1,115.88670360763803,1,1,1.0,0,0,0,-9999.0,0.5,1,P6_CV0,3,1,1,2,0
7,2527429.642,708511.8011,E7_F7_m7f7_P7_Y1_UO712,S7_F7_m-1f-1_P7_Y-1_U1,S7_F7_m-1f-1_P7_Y-1_U16,MXY,1,115.88670360763803,1,1,0.0,0,0,0,-9999.0,0.0,1,P6_CV0,3,0,2,1,1
7,2527429.642,708511.8011,E7_F7_m7f7_P7_Y1_UO644,S7_F7_m-1f-1_P7_Y-1_U111,S7_F7_m-1f-1_P7_Y-1_U62,FXX,1,115.88670360763803,1,1,1.0,0,0,0,-9999.0,0.25,1,P6_CV0,3,0,2,1,1
7,2527429.642,708511.8011,E7_F7_m7f7_P7_Y1_UO709,S7_F7_m-1f-1_P7_Y-1_U59,S7_F7_m-1f-1_P7_Y-1_U79,MXY,1,115.88670360763803,1,1,0.0,0,0,0,-9999.0,0.5,1,P6_CV0,3,1,1,0,2
7,2527429.642,708511.8011,E7_F7_m7f7_P7_Y1_UO716,S7_F7_m-1f-1_P7_Y-1_U1,S7_F7_m-1f-1_P7_Y-1_U16,MXY,1,115.88670360763803,1,1,0.0,0,0,0,-9999.0,0.0,1,P6_CV0,3,0,2,1,1
7,2527429.642,708511.8011,E7_F7_m7f7_P7_Y1_UO719,S7_F7_m-1f-1_P7_Y-1_U1,S7_F7_m-1f-1_P7_Y-1_U16,MXY,1,115.88670360763803,1,1,0.0,0,0,0,-9999.0,0.0,1,P6_CV0,3,0,2,1,1
7,2527429.642,708511.8011,E7_F7_m7f7_P7_Y1_UO686,S7_F7_m-1f-1_P7_Y-1_U33,S7_F7_m-1f-1_P7_Y-1_U122,MXY,1,115.88670360763803,1,1,0.0,0,0,0,-9999.0,0.5,1,P6_CV0,3,2,0,2,0
7,2527429.642,708511.8011,E7_F7_m7f7_P7_Y1_UO618,S7_F7_m-1f-1_P7_Y-1_U110,S7_F7_m-1f-1_P7_Y-1_U41,FXX,1,115.88670360763803,1,1,1.0,0,0,0,-9999.0,0.0,1,P6_CV0,3,0,2,0,2
7,2527429.642,708511.8011,E7_F7_m7f7_P7_Y1_UO670,S7_F7_m-1f-1_P7_Y-1_U71,S7_F7_m-1f-1_P7_Y-1_U39,FXX,1,115.88670360763803,1,1,1.0,0,0,0,-9999.0,0.25,1,P6_CV0,3,1,1,2,0
7,2527429.642,708511.8011,E7_F7_m7f7_P7_Y1_UO692,S7_F7_m-1f-1_P7_Y-1_U33,S7_F7_m-1f-1_P7_Y-1_U122,MXY,1,115.88670360763803,1,1,0.0,0,0,0,-9999.0,0.5,1,P6_CV0,3,0,2,1,1
7,2527429.642,708511.8011,E7_F7_m7f7_P7_Y1_UO672,S7_F7_m-1f-1_P7_Y-1_U71,S7_F7_m-1f-1_P7_Y-1_U39,FXX,1,115.88670360763803,1,1,1.0,0,0,0,-9999.0,0.25,1,P6_CV0,3,0,2,1,1
7,2527429.642,708511.8011,E7_F7_m7f7_P7_Y1_UO615,S7_F7_m-1f-1_P7_Y-1_U110,S7_F7_m-1f-1_P7_Y-1_U41,FXX,1,115.88670360763803,1,1,1.0,0,0,0,-9999.0,0.0,1,P6_CV0,3,0,2,1,1
7,2527429.642,708511.8011,E7_F7_m7f7_P7_Y1_UO746,S7_F7_m-1f-1_P7_Y-1_U14,S7_F7_m-1f-1_P7_Y-1_U63,FXX,1,115.88670360763803,1,1,1.0,0,0,0,-9999.0,0.25,1,P6_CV0,3,0,2,2,0
7,2527429.642,708511.8011,E7_F7_m7f7_P7_Y1_UO640,S7_F7_m-1f-1_P7_Y-1_U158,S7_F7_m-1f-1_P7_Y-1_U5,FXX,1,115.88670360763803,1,1,1.0,0,0,0,-9999.0,0.75,1,P6_CV0,3,2,0,2,0
7,2527429.642,708511.8011,E7_F7_m7f7_P7_Y1_UO729,S7_F7_m-1f-1_P7_Y-1_U118,S7_F7_m-1f-1_P7_Y-1_U175,FXX,1,115.88670360763803,1,1,1.0,0,0,0,-9999.0,0.5,1,P6_CV0,3,1,1,2,0
7,2527429.642,708511.8011,E7_F7_m7f7_P7_Y1_UO742,S7_F7_m-1f-1_P7_Y-1_U14,S7_F7_m-1f-1_P7_Y-1_U63,FXX,1,115.88670360763803,1,1,1.0,0,0,0,-9999.0,0.25,1,P6_CV0,3,0,2,1,1
7,2527429.642,708511.8011,E7_F7_m7f7_P7_Y1_UO718,S7_F7_m-1f-1_P7_Y-1_U1,S7_F7_m-1f-1_P7_Y-1_U16,FXX,1,115.88670360763803,1,1,1.0,0,0,0,-9999.0,0.0,1,P6_CV0,3,0,2,1,1
7,2527429.642,708511.8011,E7_F7_m7f7_P7_Y1_UO700,S7_F7_m-1f-1_P7_Y-1_U40,S7_F7_m-1f-1_P7_Y-1_U162,FXX,1,115.88670360763803,1,1,1.0,0,0,0,-9999.0,0.5,1,P6_CV0,3,1,1,1,1
7,2527429.642,708511.8011,E7_F7_m7f7_P7_Y1_UO728,S7_F7_m-1f-1_P7_Y-1_U118,S7_F7_m-1f-1_P7_Y-1_U175,MXY,1,115.88670360763803,1,1,0.0,0,0,0,-9999.0,0.5,1,P6_CV0,3,1,1,2,0
7,2527429.642,708511.8011,E7_F7_m7f7_P7_Y1_UO710,S7_F7_m-1f-1_P7_Y-1_U59,S7_F7_m-1f-1_P7_Y-1_U79,MXY,1,115.88670360763803,1,1,0.0,0,0,0,-9999.0,0.5,1,P6_CV0,3,2,0,0,2
7,2527429.642,708511.8011,E7_F7_m7f7_P7_Y1_UO658,S7_F7_m-1f-1_P7_Y-1_U15,S7_F7_m-1f-1_P7_Y-1_U108,MXY,1,115.88670360763803,1,1,0.0,0,0,0,-9999.0,0.25,1,P6_CV0,3,0,2,0,2
7,2527429.642,708511.8011,E7_F7_m7f7_P7_Y1_UO638,S7_F7_m-1f-1_P7_Y-1_U158,S7_F7_m-1f-1_P7_Y-1_U5,MXY,1,115.88670360763803,1,1,0.0,0,0,0,-9999.0,0.75,1,P6_CV0,3,2,0,1,1
7,2527429.642,708511.8011,E7_F7_m7f7_P7_Y1_UO679,S7_F7_m-1f-1_P7_Y-1_U71,S7_F7_m-1f-1_P7_Y-1_U39,FXX,1,115.88670360763803,1,1,1.0,0,0,0,-9999.0,0.25,1,P6_CV0,3,1,1,2,0
7,2527429.642,708511.8011,E7_F7_m7f7_P7_Y1_UO617,S7_F7_m-1f-1_P7_Y-1_U110,S7_F7_m-1f-1_P7_Y-1_U41,MXY,1,115.88670360763803,1,1,0.0,0,0,0,-9999.0,0.0,1,P6_CV0,3,0,2,0,2
7,2527429.642,708511.8011,E7_F7_m7f7_P7_Y1_UO691,S7_F7_m-1f-1_P7_Y-1_U33,S7_F7_m-1f-1_P7_Y-1_U122,FXX,1,115.88670360763803,1,1,1.0,0,0,0,-9999.0,0.5,1,P6_CV0,3,1,1,2,0
7,2527429.642,708511.8011,E7_F7_m7f7_P7_Y1_UO633,S7_F7_m-1f-1_P7_Y-1_U130,S7_F7_m-1f-1_P7_Y-1_U5,MXY,1,115.88670360763803,1,1,0.0,0,0,0,-9999.0,0.5,1,P6_CV0,3,1,1,1,1
7,2527429.642,708511.8011,E7_F7_m7f7_P7_Y1_UO653,S7_F7_m-1f-1_P7_Y-1_U120,S7_F7_m-1f-1_P7_Y-1_U115,FXX,1,115.88670360763803,1,1,1.0,0,0,0,-9999.0,1.0,1,P6_CV0,3,2,0,1,1
7,2527429.642,708511.8011,E7_F7_m7f7_P7_Y1_UO752,S7_F7_m-1f-1_P7_Y-1_U65,S7_F7_m-1f-1_P7_Y-1_U5,MXY,1,115.88670360763803,1,1,0.0,0,0,0,-9999.0,0.25,1,P6_CV0,3,0,2,2,0
7,2527429.642,708511.8011,E7_F7_m7f7_P7_Y1_UO745,S7_F7_m-1f-1_P7_Y-1_U14,S7_F7_m-1f-1_P7_Y-1_U63,FXX,1,115.88670360763803,1,1,1.0,0,0,0,-9999.0,0.25,1,P6_CV0,3,1,1,2,0
7,2527429.642,708511.8011,E7_F7_m7f7_P7_Y1_UO747,S7_F7_m-1f-1_P7_Y-1_U14,S7_F7_m-1f-1_P7_Y-1_U63,MXY,1,115.88670360763803,1,1,0.0,0,0,0,-9999.0,0.25,1,P6_CV0,3,1,1,1,1
7,2527429.642,708511.8011,E7_F7_m7f7_P7_Y1_UO668,S7_F7_m-1f-1_P7_Y-1_U24,S7_F7_m-1f-1_P7_Y-1_U199,MXY,1,115.88670360763803,1,1,0.0,0,0,0,-9999.0,0.75,1,P6_CV0,3,1,1,1,1
7,2527429.642,708511.8011,E7_F7_m7f7_P7_Y1_UO715,S7_F7_m-1f-1_P7_Y-1_U1,S7_F7_m-1f-1_P7_Y-1_U16,FXX,1,115.88670360763803,1,1,1.0,0,0,0,-9999.0,0.0,1,P6_CV0,3,0,2,1,1
7,2527429.642,708511.8011,E7_F7_m7f7_P7_Y1_UO646,S7_F7_m-1f-1_P7_Y-1_U111,S7_F7_m-1f-1_P7_Y-1_U62,FXX,1,115.88670360763803,1,1,1.0,0,0,0,-9999.0,0.25,1,P6_CV0,3,1,1,0,2
7,2527429.642,708511.8011,E7_F7_m7f7_P7_Y1_UO666,S7_F7_m-1f-1_P7_Y-1_U24,S7_F7_m-1f-1_P7_Y-1_U199,FXX,1,115.88670360763803,1,1,1.0,0,0,0,-9999.0,0.75,1,P6_CV0,3,2,0,1,1
7,2527429.642,708511.8011,E7_F7_m7f7_P7_Y1_UO645,S7_F7_m-1f-1_P7_Y-1_U111,S7_F7_m-1f-1_P7_Y-1_U62,MXY,1,115.88670360763803,1,1,0.0,0,0,0,-9999.0,0.25,1,P6_CV0,3,1,1,0,2
7,2527429.642,708511.8011,E7_F7_m7f7_P7_Y1_UO704,S7_F7_m-1f-1_P7_Y-1_U59,S7_F7_m-1f-1_P7_Y-1_U79,FXX,1,115.88670360763803,1,1,1.0,0,0,0,-9999.0,0.5,1,P6_CV0,3,1,1,0,2
7,2527429.642,708511.8011,E7_F7_m7f7_P7_Y1_UO690,S7_F7_m-1f-1_P7_Y-1_U33,S7_F7_m-1f-1_P7_Y-1_U122,MXY,1,115.88670360763803,1,1,0.0,0,0,0,-9999.0,0.5,1,P6_CV0,3,1,1,1,1
7,2527429.642,708511.8011,E7_F7_m7f7_P7_Y1_UO739,S7_F7_m-1f-1_P7_Y-1_U87,S7_F7_m-1f-1_P7_Y-1_U115,MXY,1,115.88670360763803,1,1,0.0,0,0,0,-9999.0,1.0,1,P6_CV0,3,2,0,1,1
7,2527429.642,708511.8011,E7_F7_m7f7_P7_Y1_UO660,S7_F7_m-1f-1_P7_Y-1_U15,S7_F7_m-1f-1_P7_Y-1_U108,MXY,1,115.88670360763803,1,1,0.0,0,0,0,-9999.0,0.25,1,P6_CV0,3,0,2,1,1
7,2527429.642,708511.8011,E7_F7_m7f7_P7_Y1_UO650,S7_F7_m-1f-1_P7_Y-1_U30,S7_F7_m-1f-1_P7_Y-1_U175,FXX,1,115.88670360763803,1,1,1.0,0,0,0,-9999.0,0.25,1,P6_CV0,3,0,2,2,0
7,2527429.642,708511.8011,E7_F7_m7f7_P7_Y1_UO654,S7_F7_m-1f-1_P7_Y-1_U120,S7_F7_m-1f-1_P7_Y-1_U115,MXY,1,115.88670360763803,1,1,0.0,0,0,0,-9999.0,1.0,1,P6_CV0,3,2,0,1,1
7,2527429.642,708511.8011,E7_F7_m7f7_P7_Y1_UO713,S7_F7_m-1f-1_P7_Y-1_U1,S7_F7_m-1f-1_P7_Y-1_U16,FXX,1,115.88670360763803,1,1,1.0,0,0,0,-9999.0,0.0,1,P6_CV0,3,0,2,1,1
7,2527429.642,708511.8011,E7_F7_m7f7_P7_Y1_UO720,S7_F7_m-1f-1_P7_Y-1_U118,S7_F7_m-1f-1_P7_Y-1_U175,MXY,1,115.88670360763803,1,1,0.0,0,0,0,-9999.0,0.5,1,P6_CV0,3,1,1,2,0
7,2527429.642,708511.8011,E7_F7_m7f7_P7_Y1_UO639,S7_F7_m-1f-1_P7_Y-1_U158,S7_F7_m-1f-1_P7_Y-1_U5,MXY,1,115.88670360763803,1,1,0.0,0,0,0,-9999.0,0.75,1,P6_CV0,3,2,0,2,0
7,2527429.642,708511.8011,E7_F7_m7f7_P7_Y1_UO696,S7_F7_m-1f-1_P7_Y-1_U40,S7_F7_m-1f-1_P7_Y-1_U162,MXY,1,115.88670360763803,1,1,0.0,0,0,0,-9999.0,0.5,1,P6_CV0,3,1,1,1,1
7,2527429.642,708511.8011,E7_F7_m7f7_P7_Y1_UO733,S7_F7_m-1f-1_P7_Y-1_U144,S7_F7_m-1f-1_P7_Y-1_U160,FXX,1,115.88670360763803,1,1,1.0,0,0,0,-9999.0,0.75,1,P6_CV0,3,2,0,2,0
7,2527429.642,708511.8011,E7_F7_m7f7_P7_Y1_UO735,S7_F7_m-1f-1_P7_Y-1_U144,S7_F7_m-1f-1_P7_Y-1_U160,MXY,1,115.88670360763803,1,1,0.0,0,0,0,-9999.0,0.75,1,P6_CV0,3,1,1,2,0
7,2527429.642,708511.8011,E7_F7_m7f7_P7_Y1_UO684,S7_F7_m-1f-1_P7_Y-1_U71,S7_F7_m-1f-1_P7_Y-1_U39,FXX,1,115.88670360763803,1,1,1.0,0,0,0,-9999.0,0.25,1,P6_CV0,3,1,1,1,1
7,2527429.642,708511.8011,E7_F7_m7f7_P7_Y1_UO667,S7_F7_m-1f-1_P7_Y-1_U24,S7_F7_m-1f-1_P7_Y-1_U199,FXX,1,115.88670360763803,1,1,1.0,0,0,0,-9999.0,0.75,1,P6_CV0,3,2,0,1,1
7,2527429.642,708511.8011,E7_F7_m7f7_P7_Y1_UO634,S7_F7_m-1f-1_P7_Y-1_U130,S7_F7_m-1f-1_P7_Y-1_U5,FXX,1,115.88670360763803,1,1,1.0,0,0,0,-9999.0,0.5,1,P6_CV0,3,1,1,1,1
7,2527429.642,708511.8011,E7_F7_m7f7_P7_Y1_UO674,S7_F7_m-1f-1_P7_Y-1_U71,S7_F7_m-1f-1_P7_Y-1_U39,MXY,1,115.88670360763803,1,1,0.0,0,0,0,-9999.0,0.25,1,P6_CV0,3,1,1,1,1
7,2527429.642,708511.8011,E7_F7_m7f7_P7_Y1_UO649,S7_F7_m-1f-1_P7_Y-1_U30,S7_F7_m-1f-1_P7_Y-1_U175,FXX,1,115.88670360763803,1,1,1.0,0,0,0,-9999.0,0.25,1,P6_CV0,3,1,1,1,1
7,2527429.642,708511.8011,E7_F7_m7f7_P7_Y1_UO619,S7_F7_m-1f-1_P7_Y-1_U169,S7_F7_m-1f-1_P7_Y-1_U21,FXX,1,115.88670360763803,1,1,1.0,0,0,0,-9999.0,0.25,1,P6_CV0,3,0,2,2,0
7,2527429.642,708511.8011,E7_F7_m7f7_P7_Y1_UO683,S7_F7_m-1f-1_P7_Y-1_U71,S7_F7_m-1f-1_P7_Y-1_U39,MXY,1,115.88670360763803,1,1,0.0,0,0,0,-9999.0,0.25,1,P6_CV0,3,1,1,1,1
7,2527429.642,708511.8011,E7_F7_m7f7_P7_Y1_UO698,S7_F7_m-1f-1_P7_Y-1_U40,S7_F7_m-1f-1_P7_Y-1_U162,MXY,1,115.88670360763803,1,1,0.0,0,0,0,-9999.0,0.5,1,P6_CV0,3,0,2,1,1
7,2527429.642,708511.8011,E7_F7_m7f7_P7_Y1_UO754,S7_F7_m-1f-1_P7_Y-1_U65,S7_F7_m-1f-1_P7_Y-1_U5,FXX,1,115.88670360763803,1,1,1.0,0,0,0,-9999.0,0.25,1,P6_CV0,3,0,2,1,1
7,2527429.642,708511.8011,E7_F7_m7f7_P7_Y1_UO621,S7_F7_m-1f-1_P7_Y-1_U169,S7_F7_m-1f-1_P7_Y-1_U21,MXY,1,115.88670360763803,1,1,0.0,0,0,0,-9999.0,0.25,1,P6_CV0,3,1,1,0,2
7,2527429.642,708511.8011,E7_F7_m7f7_P7_Y1_UO730,S7_F7_m-1f-1_P7_Y-1_U144,S7_F7_m-1f-1_P7_Y-1_U160,MXY,1,115.88670360763803,1,1,0.0,0,0,0,-9999.0,0.75,1,P6_CV0,3,1,1,2,0
7,2527429.642,708511.8011,E7_F7_m7f7_P7_Y1_UO614,S7_F7_m-1f-1_P7_Y-1_U110,S7_F7_m-1f-1_P7_Y-1_U41,MXY,1,115.88670360763803,1,1,0.0,0,0,0,-9999.0,0.0,1,P6_CV0,3,0,2,1,1
7,2527429.642,708511.8011,E7_F7_m7f7_P7_Y1_UO677,S7_F7_m-1f-1_P7_Y-1_U71,S7_F7_m-1f-1_P7_Y-1_U39,FXX,1,115.88670360763803,1,1,1.0,0,0,0,-9999.0,0.25,1,P6_CV0,3,0,2,2,0
7,2527429.642,708511.8011,E7_F7_m7f7_P7_Y1_UO659,S7_F7_m-1f-1_P7_Y-1_U15,S7_F7_m-1f-1_P7_Y-1_U108,MXY,1,115.88670360763803,1,1,0.0,0,0,0,-9999.0,0.25,1,P6_CV0,3,1,1,0,2
7,2527429.642,708511.8011,E7_F7_m7f7_P7_Y1_UO630,S7_F7_m-1f-1_P7_Y-1_U2,S7_F7_m-1f-1_P7_Y-1_U39,MXY,1,115.88670360763803,1,1,0.0,0,0,0,-9999.0,0.5,1,P6_CV0,3,1,1,1,1
7,2527429.642,708511.8011,E7_F7_m7f7_P7_Y1_UO717,S7_F7_m-1f-1_P7_Y-1_U1,S7_F7_m-1f-1_P7_Y-1_U16,FXX,1,115.88670360763803,1,1,1.0,0,0,0,-9999.0,0.0,1,P6_CV0,3,0,2,1,1
7,2527429.642,708511.8011,E7_F7_m7f7_P7_Y1_UO701,S7_F7_m-1f-1_P7_Y-1_U40,S7_F7_m-1f-1_P7_Y-1_U162,FXX,1,115.88670360763803,1,1,1.0,0,0,0,-9999.0,0.5,1,P6_CV0,3,2,0,1,1
7,2527429.642,708511.8011,E7_F7_m7f7_P7_Y1_UO655,S7_F7_m-1f-1_P7_Y-1_U120,S7_F7_m-1f-1_P7_Y-1_U115,FXX,1,115.88670360763803,1,1,1.0,0,0,0,-9999.0,1.0,1,P6_CV0,3,2,0,2,0
7,2527429.642,708511.8011,E7_F7_m7f7_P7_Y1_UO689,S7_F7_m-1f-1_P7_Y-1_U33,S7_F7_m-1f-1_P7_Y-1_U122,MXY,1,115.88670360763803,1,1,0.0,0,0,0,-9999.0,0.5,1,P6_CV0,3,1,1,0,2
7,2527429.642,708511.8011,E7_F7_m7f7_P7_Y1_UO657,S7_F7_m-1f-1_P7_Y-1_U15,S7_F7_m-1f-1_P7_Y-1_U108,MXY,1,115.88670360763803,1,1,0.0,0,0,0,-9999.0,0.25,1,P6_CV0,3,0,2,1,1
7,2527429.642,708511.8011,E7_F7_m7f7_P7_Y1_UO676,S7_F7_m-1f-1_P7_Y-1_U71,S7_F7_m-1f-1_P7_Y-1_U39,FXX,1,115.88670360763803,1,1,1.0,0,0,0,-9999.0,0.25,1,P6_CV0,3,0,2,2,0
7,2527429.642,708511.8011,E7_F7_m7f7_P7_Y1_UO695,S7_F7_m-1f-1_P7_Y-1_U40,S7_F7_m-1f-1_P7_Y-1_U162,FXX,1,115.88670360763803,1,1,1.0,0,0,0,-9999.0,0.5,1,P6_CV0,3,0,2,1,1
7,2527429.642,708511.8011,E7_F7_m7f7_P7_Y1_UO753,S7_F7_m-1f-1_P7_Y-1_U65,S7_F7_m-1f-1_P7_Y-1_U5,MXY,1,115.88670360763803,1,1,0.0,0,0,0,-9999.0,0.25,1,P6_CV0,3,0,2,2,0
7,2527429.642,708511.8011,E7_F7_m7f7_P7_Y1_UO628,S7_F7_m-1f-1_P7_Y-1_U2,S7_F7_m-1f-1_P7_Y-1_U39,MXY,1,115.88670360763803,1,1,0.0,0,0,0,-9999.0,0.5,1,P6_CV0,3,1,1,2,0
7,2527429.642,708511.8011,E7_F7_m7f7_P7_Y1_UO627,S7_F7_m-1f-1_P7_Y-1_U2,S7_F7_m-1f-1_P7_Y-1_U39,MXY,1,115.88670360763803,1,1,0.0,0,0,0,-9999.0,0.5,1,P6_CV0,3,1,1,1,1
7,2527429.642,708511.8011,E7_F7_m7f7_P7_Y1_UO680,S7_F7_m-1f-1_P7_Y-1_U71,S7_F7_m-1f-1_P7_Y-1_U39,MXY,1,115.88670360763803,1,1,0.0,0,0,0,-9999.0,0.25,1,P6_CV0,3,1,1,2,0
7,2527429.642,708511.8011,E7_F7_m7f7_P7_Y1_UO671,S7_F7_m-1f-1_P7_Y-1_U71,S7_F7_m-1f-1_P7_Y-1_U39,MXY,1,115.88670360763803,1,1,0.0,0,0,0,-9999.0,0.25,1,P6_CV0,3,0,2,1,1
7,2527429.642,708511.8011,E7_F7_m7f7_P7_Y1_UO636,S7_F7_m-1f-1_P7_Y-1_U158,S7_F7_m-1f-1_P7_Y-1_U5,FXX,1,115.88670360763803,1,1,1.0,0,0,0,-9999.0,0.75,1,P6_CV0,3,1,1,1,1
7,2527429.642,708511.8011,E7_F7_m7f7_P7_Y1_UO678,S7_F7_m-1f-1_P7_Y-1_U71,S7_F7_m-1f-1_P7_Y-1_U39,MXY,1,115.88670360763803,1,1,0.0,0,0,0,-9999.0,0.25,1,P6_CV0,3,1,1,1,1
7,2527429.642,708511.8011,E7_F7_m7f7_P7_Y1_UO637,S7_F7_m-1f-1_P7_Y-1_U158,S7_F7_m-1f-1_P7_Y-1_U5,MXY,1,115.88670360763803,1,1,0.0,0,0,0,-9999.0,0.75,1,P6_CV0,3,2,0,1,1
7,2527429.642,708511.8011,E7_F7_m7f7_P7_Y1_UO694,S7_F7_m-1f-1_P7_Y-1_U33,S7_F7_m-1f-1_P7_Y-1_U122,FXX,1,115.88670360763803,1,1,1.0,0,0,0,-9999.0,0.5,1,P6_CV0,3,1,1,1,1
7,2527429.642,708511.8011,E7_F7_m7f7_P7_Y1_UO623,S7_F7_m-1f-1_P7_Y-1_U169,S7_F7_m-1f-1_P7_Y-1_U21,FXX,1,115.88670360763803,1,1,1.0,0,0,0,-9999.0,0.25,1,P6_CV0,3,0,2,0,2
7,2527429.642,708511.8011,E7_F7_m7f7_P7_Y1_UO647,S7_F7_m-1f-1_P7_Y-1_U146,S7_F7_m-1f-1_P7_Y-1_U34,MXY,1,115.88670360763803,1,1,0.0,0,0,0,-9999.0,0.5,1,P6_CV0,3,2,0,2,0
7,2527429.642,708511.8011,E7_F7_m7f7_P7_Y1_UO714,S7_F7_m-1f-1_P7_Y-1_U1,S7_F7_m-1f-1_P7_Y-1_U16,FXX,1,115.88670360763803,1,1,1.0,0,0,0,-9999.0,0.0,1,P6_CV0,3,0,2,1,1
7,2527429.642,708511.8011,E7_F7_m7f7_P7_Y1_UO723,S7_F7_m-1f-1_P7_Y-1_U118,S7_F7_m-1f-1_P7_Y-1_U175,FXX,1,115.88670360763803,1,1,1.0,0,0,0,-9999.0,0.5,1,P6_CV0,3,1,1,2,0
7,2527429.642,708511.8011,E7_F7_m7f7_P7_Y1_UO656,S7_F7_m-1f-1_P7_Y-1_U120,S7_F7_m-1f-1_P7_Y-1_U115,MXY,1,115.88670360763803,1,1,0.0,0,0,0,-9999.0,1.0,1,P6_CV0,3,2,0,1,1
7,2527429.642,708511.8011,E7_F7_m7f7_P7_Y1_UO748,S7_F7_m-1f-1_P7_Y-1_U14,S7_F7_m-1f-1_P7_Y-1_U63,MXY,1,115.88670360763803,1,1,0.0,0,0,0,-9999.0,0.25,1,P6_CV0,3,0,2,1,1
7,2527429.642,708511.8011,E7_F7_m7f7_P7_Y1_UO688,S7_F7_m-1f-1_P7_Y-1_U33,S7_F7_m-1f-1_P7_Y-1_U122,FXX,1,115.88670360763803,1,1,1.0,0,0,0,-9999.0,0.5,1,P6_CV0,3,0,2,1,1
7,2527429.642,708511.8011,E7_F7_m7f7_P7_Y1_UO725,S7_F7_m-1f-1_P7_Y-1_U118,S7_F7_m-1f-1_P7_Y-1_U175,MXY,1,115.88670360763803,1,1,0.0,0,0,0,-9999.0,0.5,1,P6_CV0,3,1,1,2,0
7,2527429.642,708511.8011,E7_F7_m7f7_P7_Y1_UO681,S7_F7_m-1f-1_P7_Y-1_U71,S7_F7_m-1f-1_P7_Y-1_U39,FXX,1,115.88670360763803,1,1,1.0,0,0,0,-9999.0,0.25,1,P6_CV0,3,1,1,2,0
7,2527429.642,708511.8011,E7_F7_m7f7_P7_Y1_UO737,S7_F7_m-1f-1_P7_Y-1_U87,S7_F7_m-1f-1_P7_Y-1_U115,FXX,1,115.88670360763803,1,1,1.0,0,0,0,-9999.0,1.0,1,P6_CV0,3,2,0,1,1
7,2527429.642,708511.8011,E7_F7_m7f7_P7_Y1_UO706,S7_F7_m-1f-1_P7_Y-1_U59,S7_F7_m-1f-1_P7_Y-1_U79,MXY,1,115.88670360763803,1,1,0.0,0,0,0,-9999.0,0.5,1,P6_CV0,3,2,0,0,2
7,2527429.642,708511.8011,E7_F7_m7f7_P7_Y1_UO616,S7_F7_m-1f-1_P7_Y-1_U110,S7_F7_m-1f-1_P7_Y-1_U41,FXX,1,115.88670360763803,1,1,1.0,0,0,0,-9999.0,0.0,1,P6_CV0,3,0,2,0,2
7,2527429.642,708511.8011,E7_F7_m7f7_P7_Y0_UO2016,R7_F7_m-1f-1_P7_Y-1_U61,R7_F7_m-1f-1_P7_Y-1_U105,MXY,2,149.65201480782034,1,0,0.0,0,0,0,-9999.0,0.25,1,P6_CV0,3,1,1,0,2
7,2527429.642,708511.8011,E7_F7_m7f7_P7_Y0_UO2035,R7_F7_m-1f-1_P7_Y-1_U66,R7_F7_m-1f-1_P7_Y-1_U129,MXY,2,149.65201480782034,1,0,0.0,0,0,0,-9999.0,0.0,1,P6_CV0,3,0,2,2,0
7,2527429.642,708511.8011,E7_F7_m7f7_P7_Y0_UO2087,R7_F7_m-1f-1_P7_Y-1_U82,R7_F7_m-1f-1_P7_Y-1_U136,FXX,2,149.65201480782034,1,0,1.0,0,0,0,-9999.0,0.25,1,P6_CV0,3,1,1,1,1
7,2527429.642,708511.8011,E7_F7_m7f7_P7_Y0_UO2146,R7_F7_m-1f-1_P7_Y-1_U97,R7_F7_m-1f-1_P7_Y-1_U22,MXY,2,149.65201480782034,1,0,0.0,0,0,0,-9999.0,0.75,1,P6_CV0,3,2,0,1,1
7,2527429.642,708511.8011,E7_F7_m7f7_P7_Y0_UO1987,R7_F7_m-1f-1_P7_Y-1_U54,R7_F7_m-1f-1_P7_Y-1_U193,MXY,2,149.65201480782034,1,0,0.0,0,0,0,-9999.0,0.5,1,P6_CV0,3,1,1,1,1
7,2527429.642,708511.8011,E7_F7_m7f7_P7_Y0_UO2005,R7_F7_m-1f-1_P7_Y-1_U57,R7_F7_m-1f-1_P7_Y-1_U77,MXY,2,149.65201480782034,1,0,0.0,0,0,0,-9999.0,0.5,1,P6_CV0,3,0,2,2,0
7,2527429.642,708511.8011,E7_F7_m7f7_P7_Y0_UO2179,R7_F7_m-1f-1_P7_Y-1_U106,R7_F7_m-1f-1_P7_Y-1_U156,FXX,2,149.65201480782034,1,0,1.0,0,0,0,-9999.0,0.0,1,P6_CV0,3,0,2,0,2
7,2527429.642,708511.8011,E7_F7_m7f7_P7_Y0_UO2330,R7_F7_m-1f-1_P7_Y-1_U167,R7_F7_m-1f-1_P7_Y-1_U133,MXY,2,149.65201480782034,1,0,0.0,0,0,0,-9999.0,0.5,1,P6_CV0,3,1,1,1,1
7,2527429.642,708511.8011,E7_F7_m7f7_P7_Y0_UO1893,R7_F7_m-1f-1_P7_Y-1_U26,R7_F7_m-1f-1_P7_Y-1_U11,FXX,2,149.65201480782034,1,0,1.0,0,0,0,-9999.0,0.25,1,P6_CV0,3,0,2,0,2
7,2527429.642,708511.8011,E7_F7_m7f7_P7_Y0_UO1877,R7_F7_m-1f-1_P7_Y-1_U23,R7_F7_m-1f-1_P7_Y-1_U155,FXX,2,149.65201480782034,1,0,1.0,0,0,0,-9999.0,0.25,1,P6_CV0,3,0,2,1,1
7,2527429.642,708511.8011,E7_F7_m7f7_P7_Y0_UO1937,R7_F7_m-1f-1_P7_Y-1_U40,R7_F7_m-1f-1_P7_Y-1_U132,MXY,2,149.65201480782034,1,0,0.0,0,0,0,-9999.0,0.25,1,P6_CV0,3,0,2,1,1
7,2527429.642,708511.8011,E7_F7_m7f7_P7_Y0_UO2224,R7_F7_m-1f-1_P7_Y-1_U120,R7_F7_m-1f-1_P7_Y-1_U67,MXY,2,149.65201480782034,1,0,0.0,0,0,0,-9999.0,0.75,1,P6_CV0,3,2,0,1,1
7,2527429.642,708511.8011,E7_F7_m7f7_P7_Y0_UO2058,R7_F7_m-1f-1_P7_Y-1_U71,R7_F7_m-1f-1_P7_Y-1_U9,FXX,2,149.65201480782034,1,0,1.0,0,0,0,-9999.0,0.25,1,P6_CV0,3,0,2,0,2
7,2527429.642,708511.8011,E7_F7_m7f7_P7_Y0_UO1921,R7_F7_m-1f-1_P7_Y-1_U35,R7_F7_m-1f-1_P7_Y-1_U18,FXX,2,149.65201480782034,1,0,1.0,0,0,0,-9999.0,0.5,1,P6_CV0,3,1,1,1,1
7,2527429.642,708511.8011,E7_F7_m7f7_P7_Y0_UO1871,R7_F7_m-1f-1_P7_Y-1_U23,R7_F7_m-1f-1_P7_Y-1_U155,FXX,2,149.65201480782034,1,0,1.0,0,0,0,-9999.0,0.25,1,P6_CV0,3,0,2,1,1
7,2527429.642,708511.8011,E7_F7_m7f7_P7_Y0_UO2168,R7_F7_m-1f-1_P7_Y-1_U101,R7_F7_m-1f-1_P7_Y-1_U143,MXY,2,149.65201480782034,1,0,0.0,0,0,0,-9999.0,0.25,1,P6_CV0,3,1,1,2,0
7,2527429.642,708511.8011,E7_F7_m7f7_P7_Y0_UO1832,R7_F7_m-1f-1_P7_Y-1_U7,R7_F7_m-1f-1_P7_Y-1_U175,FXX,2,149.65201480782034,1,0,1.0,0,0,0,-9999.0,0.25,1,P6_CV0,3,1,1,2,0
7,2527429.642,708511.8011,E7_F7_m7f7_P7_Y0_UO2036,R7_F7_m-1f-1_P7_Y-1_U66,R7_F7_m-1f-1_P7_Y-1_U129,MXY,2,149.65201480782034,1,0,0.0,0,0,0,-9999.0,0.0,1,P6_CV0,3,0,2,2,0
7,2527429.642,708511.8011,E7_F7_m7f7_P7_Y0_UO1935,R7_F7_m-1f-1_P7_Y-1_U40,R7_F7_m-1f-1_P7_Y-1_U132,FXX,2,149.65201480782034,1,0,1.0,0,0,0,-9999.0,0.25,1,P6_CV0,3,1,1,1,1
7,2527429.642,708511.8011,E7_F7_m7f7_P7_Y0_UO2134,R7_F7_m-1f-1_P7_Y-1_U95,R7_F7_m-1f-1_P7_Y-1_U39,MXY,2,149.65201480782034,1,0,0.0,0,0,0,-9999.0,0.25,1,P6_CV0,3,1,1,1,1
7,2527429.642,708511.8011,E7_F7_m7f7_P7_Y0_UO1824,R7_F7_m-1f-1_P7_Y-1_U6,R7_F7_m-1f-1_P7_Y-1_U135,FXX,2,149.65201480782034,1,0,1.0,0,0,0,-9999.0,0.5,1,P6_CV0,3,1,1,1,1
7,2527429.642,708511.8011,E7_F7_m7f7_P7_Y0_UO2015,R7_F7_m-1f-1_P7_Y-1_U59,R7_F7_m-1f-1_P7_Y-1_U96,MXY,2,149.65201480782034,1,0,0.0,0,0,0,-9999.0,0.5,1,P6_CV0,3,2,0,0,2
7,2527429.642,708511.8011,E7_F7_m7f7_P7_Y0_UO2115,R7_F7_m-1f-1_P7_Y-1_U88,R7_F7_m-1f-1_P7_Y-1_U17,FXX,2,149.65201480782034,1,0,1.0,0,0,0,-9999.0,0.5,1,P6_CV0,3,1,1,0,2
7,2527429.642,708511.8011,E7_F7_m7f7_P7_Y0_UO2412,R7_F7_m-1f-1_P7_Y-1_U192,R7_F7_m-1f-1_P7_Y-1_U164,FXX,2,149.65201480782034,1,0,1.0,0,0,0,-9999.0,1.0,1,P6_CV0,3,2,0,0,2
7,2527429.642,708511.8011,E7_F7_m7f7_P7_Y0_UO2027,R7_F7_m-1f-1_P7_Y-1_U65,R7_F7_m-1f-1_P7_Y-1_U187,MXY,2,149.65201480782034,1,0,0.0,0,0,0,-9999.0,0.5,1,P6_CV0,3,1,1,0,2
7,2527429.642,708511.8011,E7_F7_m7f7_P7_Y0_UO1849,R7_F7_m-1f-1_P7_Y-1_U15,R7_F7_m-1f-1_P7_Y-1_U166,MXY,2,149.65201480782034,1,0,0.0,0,0,0,-9999.0,0.25,1,P6_CV0,3,0,2,1,1
7,2527429.642,708511.8011,E7_F7_m7f7_P7_Y0_UO1922,R7_F7_m-1f-1_P7_Y-1_U35,R7_F7_m-1f-1_P7_Y-1_U18,MXY,2,149.65201480782034,1,0,0.0,0,0,0,-9999.0,0.5,1,P6_CV0,3,1,1,1,1
7,2527429.642,708511.8011,E7_F7_m7f7_P7_Y0_UO2165,R7_F7_m-1f-1_P7_Y-1_U100,R7_F7_m-1f-1_P7_Y-1_U0,MXY,2,149.65201480782034,1,0,0.0,0,0,0,-9999.0,0.25,1,P6_CV0,3,0,2,1,1
7,2527429.642,708511.8011,E7_F7_m7f7_P7_Y0_UO2043,R7_F7_m-1f-1_P7_Y-1_U68,R7_F7_m-1f-1_P7_Y-1_U43,FXX,2,149.65201480782034,1,0,1.0,0,0,0,-9999.0,0.75,1,P6_CV0,3,1,1,1,1
7,2527429.642,708511.8011,E7_F7_m7f7_P7_Y0_UO2111,R7_F7_m-1f-1_P7_Y-1_U88,R7_F7_m-1f-1_P7_Y-1_U17,MXY,2,149.65201480782034,1,0,0.0,0,0,0,-9999.0,0.5,1,P6_CV0,3,1,1,0,2
7,2527429.642,708511.8011,E7_F7_m7f7_P7_Y0_UO2429,R7_F7_m-1f-1_P7_Y-1_U197,R7_F7_m-1f-1_P7_Y-1_U99,MXY,2,149.65201480782034,1,0,0.0,0,0,0,-9999.0,0.75,1,P6_CV0,3,2,0,1,1
7,2527429.642,708511.8011,E7_F7_m7f7_P7_Y0_UO2311,R7_F7_m-1f-1_P7_Y-1_U146,R7_F7_m-1f-1_P7_Y-1_U141,MXY,2,149.65201480782034,1,0,0.0,0,0,0,-9999.0,0.75,1,P6_CV0,3,1,1,1,1
7,2527429.642,708511.8011,E7_F7_m7f7_P7_Y0_UO2063,R7_F7_m-1f-1_P7_Y-1_U74,R7_F7_m-1f-1_P7_Y-1_U124,FXX,2,149.65201480782034,1,0,1.0,0,0,0,-9999.0,0.5,1,P6_CV0,3,1,1,2,0
7,2527429.642,708511.8011,E7_F7_m7f7_P7_Y0_UO1959,R7_F7_m-1f-1_P7_Y-1_U46,R7_F7_m-1f-1_P7_Y-1_U55,MXY,2,149.65201480782034,1,0,0.0,0,0,0,-9999.0,0.25,1,P6_CV0,3,0,2,1,1
7,2527429.642,708511.8011,E7_F7_m7f7_P7_Y0_UO1947,R7_F7_m-1f-1_P7_Y-1_U44,R7_F7_m-1f-1_P7_Y-1_U122,MXY,2,149.65201480782034,1,0,0.0,0,0,0,-9999.0,0.5,1,P6_CV0,3,1,1,0,2
7,2527429.642,708511.8011,E7_F7_m7f7_P7_Y0_UO2373,R7_F7_m-1f-1_P7_Y-1_U182,R7_F7_m-1f-1_P7_Y-1_U147,FXX,2,149.65201480782034,1,0,1.0,0,0,0,-9999.0,0.0,1,P6_CV0,3,0,2,1,1
7,2527429.642,708511.8011,E7_F7_m7f7_P7_Y0_UO2188,R7_F7_m-1f-1_P7_Y-1_U109,R7_F7_m-1f-1_P7_Y-1_U133,FXX,2,149.65201480782034,1,0,1.0,0,0,0,-9999.0,0.25,1,P6_CV0,3,0,2,2,0
7,2527429.642,708511.8011,E7_F7_m7f7_P7_Y0_UO2195,R7_F7_m-1f-1_P7_Y-1_U109,R7_F7_m-1f-1_P7_Y-1_U133,MXY,2,149.65201480782034,1,0,0.0,0,0,0,-9999.0,0.25,1,P6_CV0,3,1,1,2,0
7,2527429.642,708511.8011,E7_F7_m7f7_P7_Y0_UO1843,R7_F7_m-1f-1_P7_Y-1_U14,R7_F7_m-1f-1_P7_Y-1_U193,MXY,2,149.65201480782034,1,0,0.0,0,0,0,-9999.0,0.5,1,P6_CV0,3,1,1,2,0
7,2527429.642,708511.8011,E7_F7_m7f7_P7_Y0_UO2119,R7_F7_m-1f-1_P7_Y-1_U88,R7_F7_m-1f-1_P7_Y-1_U17,FXX,2,149.65201480782034,1,0,1.0,0,0,0,-9999.0,0.5,1,P6_CV0,3,1,1,1,1
7,2527429.642,708511.8011,E7_F7_m7f7_P7_Y0_UO2383,R7_F7_m-1f-1_P7_Y-1_U183,R7_F7_m-1f-1_P7_Y-1_U127,FXX,2,149.65201480782034,1,0,1.0,0,0,0,-9999.0,0.0,1,P6_CV0,3,0,2,1,1
7,2527429.642,708511.8011,E7_F7_m7f7_P7_Y0_UO2057,R7_F7_m-1f-1_P7_Y-1_U71,R7_F7_m-1f-1_P7_Y-1_U9,MXY,2,149.65201480782034,1,0,0.0,0,0,0,-9999.0,0.25,1,P6_CV0,3,1,1,2,0
7,2527429.642,708511.8011,E7_F7_m7f7_P7_Y0_UO2145,R7_F7_m-1f-1_P7_Y-1_U97,R7_F7_m-1f-1_P7_Y-1_U22,FXX,2,149.65201480782034,1,0,1.0,0,0,0,-9999.0,0.75,1,P6_CV0,3,1,1,2,0
7,2527429.642,708511.8011,E7_F7_m7f7_P7_Y0_UO1914,R7_F7_m-1f-1_P7_Y-1_U30,R7_F7_m-1f-1_P7_Y-1_U141,MXY,2,149.65201480782034,1,0,0.0,0,0,0,-9999.0,0.75,1,P6_CV0,3,2,0,1,1
7,2527429.642,708511.8011,E7_F7_m7f7_P7_Y0_UO1835,R7_F7_m-1f-1_P7_Y-1_U7,R7_F7_m-1f-1_P7_Y-1_U175,MXY,2,149.65201480782034,1,0,0.0,0,0,0,-9999.0,0.25,1,P6_CV0,3,1,1,2,0
7,2527429.642,708511.8011,E7_F7_m7f7_P7_Y0_UO2003,R7_F7_m-1f-1_P7_Y-1_U57,R7_F7_m-1f-1_P7_Y-1_U77,MXY,2,149.65201480782034,1,0,0.0,0,0,0,-9999.0,0.5,1,P6_CV0,3,1,1,2,0
7,2527429.642,708511.8011,E7_F7_m7f7_P7_Y0_UO1810,R7_F7_m-1f-1_P7_Y-1_U1,R7_F7_m-1f-1_P7_Y-1_U90,MXY,2,149.65201480782034,1,0,0.0,0,0,0,-9999.0,0.25,1,P6_CV0,3,0,2,1,1
7,2527429.642,708511.8011,E7_F7_m7f7_P7_Y0_UO2042,R7_F7_m-1f-1_P7_Y-1_U68,R7_F7_m-1f-1_P7_Y-1_U43,FXX,2,149.65201480782034,1,0,1.0,0,0,0,-9999.0,0.75,1,P6_CV0,3,2,0,1,1
7,2527429.642,708511.8011,E7_F7_m7f7_P7_Y0_UO2159,R7_F7_m-1f-1_P7_Y-1_U100,R7_F7_m-1f-1_P7_Y-1_U0,MXY,2,149.65201480782034,1,0,0.0,0,0,0,-9999.0,0.25,1,P6_CV0,3,1,1,1,1
7,2527429.642,708511.8011,E7_F7_m7f7_P7_Y0_UO2405,R7_F7_m-1f-1_P7_Y-1_U191,R7_F7_m-1f-1_P7_Y-1_U124,MXY,2,149.65201480782034,1,0,0.0,0,0,0,-9999.0,0.75,1,P6_CV0,3,2,0,2,0
7,2527429.642,708511.8011,E7_F7_m7f7_P7_Y0_UO1841,R7_F7_m-1f-1_P7_Y-1_U14,R7_F7_m-1f-1_P7_Y-1_U193,MXY,2,149.65201480782034,1,0,0.0,0,0,0,-9999.0,0.5,1,P6_CV0,3,1,1,2,0
7,2527429.642,708511.8011,E7_F7_m7f7_P7_Y0_UO1929,R7_F7_m-1f-1_P7_Y-1_U38,R7_F7_m-1f-1_P7_Y-1_U133,MXY,2,149.65201480782034,1,0,0.0,0,0,0,-9999.0,0.5,1,P6_CV0,3,0,2,0,2
7,2527429.642,708511.8011,E7_F7_m7f7_P7_Y0_UO2346,R7_F7_m-1f-1_P7_Y-1_U172,R7_F7_m-1f-1_P7_Y-1_U162,FXX,2,149.65201480782034,1,0,1.0,0,0,0,-9999.0,0.25,1,P6_CV0,3,1,1,0,2
7,2527429.642,708511.8011,E7_F7_m7f7_P7_Y0_UO2158,R7_F7_m-1f-1_P7_Y-1_U100,R7_F7_m-1f-1_P7_Y-1_U0,MXY,2,149.65201480782034,1,0,0.0,0,0,0,-9999.0,0.25,1,P6_CV0,3,1,1,1,1
7,2527429.642,708511.8011,E7_F7_m7f7_P7_Y0_UO1881,R7_F7_m-1f-1_P7_Y-1_U25,R7_F7_m-1f-1_P7_Y-1_U115,MXY,2,149.65201480782034,1,0,0.0,0,0,0,-9999.0,0.5,1,P6_CV0,3,1,1,2,0
7,2527429.642,708511.8011,E7_F7_m7f7_P7_Y0_UO2411,R7_F7_m-1f-1_P7_Y-1_U192,R7_F7_m-1f-1_P7_Y-1_U164,MXY,2,149.65201480782034,1,0,0.0,0,0,0,-9999.0,1.0,1,P6_CV0,3,2,0,1,1
7,2527429.642,708511.8011,E7_F7_m7f7_P7_Y0_UO2386,R7_F7_m-1f-1_P7_Y-1_U183,R7_F7_m-1f-1_P7_Y-1_U127,FXX,2,149.65201480782034,1,0,1.0,0,0,0,-9999.0,0.0,1,P6_CV0,3,0,2,0,2
7,2527429.642,708511.8011,E7_F7_m7f7_P7_Y0_UO2385,R7_F7_m-1f-1_P7_Y-1_U183,R7_F7_m-1f-1_P7_Y-1_U127,MXY,2,149.65201480782034,1,0,0.0,0,0,0,-9999.0,0.0,1,P6_CV0,3,0,2,0,2
7,2527429.642,708511.8011,E7_F7_m7f7_P7_Y0_UO2051,R7_F7_m-1f-1_P7_Y-1_U70,R7_F7_m-1f-1_P7_Y-1_U129,FXX,2,149.65201480782034,1,0,1.0,0,0,0,-9999.0,0.0,1,P6_CV0,3,0,2,1,1
7,2527429.642,708511.8011,E7_F7_m7f7_P7_Y0_UO2345,R7_F7_m-1f-1_P7_Y-1_U167,R7_F7_m-1f-1_P7_Y-1_U133,MXY,2,149.65201480782034,1,0,0.0,0,0,0,-9999.0,0.5,1,P6_CV0,3,1,1,1,1
7,2527429.642,708511.8011,E7_F7_m7f7_P7_Y0_UO1848,R7_F7_m-1f-1_P7_Y-1_U15,R7_F7_m-1f-1_P7_Y-1_U166,FXX,2,149.65201480782034,1,0,1.0,0,0,0,-9999.0,0.25,1,P6_CV0,3,1,1,1,1
7,2527429.642,708511.8011,E7_F7_m7f7_P7_Y0_UO2432,R7_F7_m-1f-1_P7_Y-1_U197,R7_F7_m-1f-1_P7_Y-1_U99,MXY,2,149.65201480782034,1,0,0.0,0,0,0,-9999.0,0.75,1,P6_CV0,3,2,0,1,1
7,2527429.642,708511.8011,E7_F7_m7f7_P7_Y0_UO1915,R7_F7_m-1f-1_P7_Y-1_U33,R7_F7_m-1f-1_P7_Y-1_U34,MXY,2,149.65201480782034,1,0,0.0,0,0,0,-9999.0,0.5,1,P6_CV0,3,1,1,2,0
7,2527429.642,708511.8011,E7_F7_m7f7_P7_Y0_UO2166,R7_F7_m-1f-1_P7_Y-1_U101,R7_F7_m-1f-1_P7_Y-1_U143,FXX,2,149.65201480782034,1,0,1.0,0,0,0,-9999.0,0.25,1,P6_CV0,3,1,1,0,2
7,2527429.642,708511.8011,E7_F7_m7f7_P7_Y0_UO2050,R7_F7_m-1f-1_P7_Y-1_U69,R7_F7_m-1f-1_P7_Y-1_U63,MXY,2,149.65201480782034,1,0,0.0,0,0,0,-9999.0,0.25,1,P6_CV0,3,1,1,1,1
7,2527429.642,708511.8011,E7_F7_m7f7_P7_Y0_UO2060,R7_F7_m-1f-1_P7_Y-1_U71,R7_F7_m-1f-1_P7_Y-1_U9,FXX,2,149.65201480782034,1,0,1.0,0,0,0,-9999.0,0.25,1,P6_CV0,3,1,1,2,0
7,2527429.642,708511.8011,E7_F7_m7f7_P7_Y0_UO2006,R7_F7_m-1f-1_P7_Y-1_U57,R7_F7_m-1f-1_P7_Y-1_U77,FXX,2,149.65201480782034,1,0,1.0,0,0,0,-9999.0,0.5,1,P6_CV0,3,1,1,2,0
7,2527429.642,708511.8011,E7_F7_m-1f-1_P7_Y-1_U130,-9999,-9999,FXX,3,144.27024329302816,1,0,1.0,0,0,0,-9999.0,0.5,1,P6_CV0,3,1,1,0,2
7,2527429.642,708511.8011,E7_F7_m-1f-1_P7_Y-1_U120,-9999,-9999,FXX,4,149.19210628164268,1,0,1.0,0,0,0,-9999.0,1.0,1,P6_CV0,3,2,0,1,1
7,2527429.642,708511.8011,E7_F7_m-1f-1_P7_Y-1_U34,-9999,-9999,MXY,5,161.2642494556106,1,0,0.0,0,0,0,-9999.0,0.5,1,P6_CV0,3,1,1,2,0
7,2527429.642,708511.8011,Age0_F7_m7f7_P7_Y2_UO552,S7_F7_m7f7_P7_Y0_UO2087,S7_F7_m7f7_P7_Y0_UO2015,FXX,0,78.4244973980172,0,0,0.0,0,0,0,0.0,0.375,1,P6_CV0,3,2,0,0,2
7,2527429.642,708511.8011,Age0_F7_m7f7_P7_Y2_UO553,S7_F7_m7f7_P7_Y0_UO2087,S7_F7_m7f7_P7_Y0_UO2015,FXX,0,78.4244973980172,0,0,0.0,0,0,0,0.0,0.375,1,P6_CV0,3,2,0,0,2
7,2527429.642,708511.8011,Age0_F7_m7f7_P7_Y2_UO554,S7_F7_m7f7_P7_Y0_UO2087,S7_F7_m7f7_P7_Y0_UO2015,FXX,0,78.4244973980172,0,0,0.0,0,0,0,0.0,0.375,1,P6_CV0,3,2,0,1,1
7,2527429.642,708511.8011,Age0_F7_m7f7_P7_Y2_UO555,S7_F7_m7f7_P7_Y0_UO2087,S7_F7_m7f7_P7_Y0_UO2015,FXX,0,78.4244973980172,0,0,0.0,0,0,0,0.0,0.375,1,P6_CV0,3,2,0,0,2
7,2527429.642,708511.8011,Age0_F7_m7f7_P7_Y2_UO556,S7_F7_m7f7_P7_Y0_UO2087,S7_F7_m7f7_P7_Y0_UO2015,MXY,0,78.4244973980172,0,0,0.0,0,0,0,0.0,0.375,1,P6_CV0,3,1,1,0,2
7,2527429.642,708511.8011,Age0_F7_m7f7_P7_Y2_UO557,S7_F7_m7f7_P7_Y0_UO2087,S7_F7_m7f7_P7_Y0_UO2015,FXX,0,78.4244973980172,0,0,0.0,0,0,0,0.0,0.375,1,P6_CV0,3,2,0,0,2
7,2527429.642,708511.8011,Age0_F7_m7f7_P7_Y2_UO558,S7_F7_m7f7_P7_Y0_UO2179,S7_F7_m-1f-1_P7_Y-1_U34,FXX,0,78.4244973980172,0,0,0.0,0,0,0,0.0,0.25,1,P6_CV0,3,0,2,1,1
7,2527429.642,708511.8011,Age0_F7_m7f7_P7_Y2_UO559,S7_F7_m7f7_P7_Y0_UO2179,S7_F7_m-1f-1_P7_Y-1_U34,FXX,0,78.4244973980172,0,0,0.0,0,0,0,0.0,0.25,1,P6_CV0,3,0,2,1,1
7,2527429.642,708511.8011,Age0_F7_m7f7_P7_Y2_UO560,S7_F7_m7f7_P7_Y0_UO2179,S7_F7_m-1f-1_P7_Y-1_U34,MXY,0,78.4244973980172,0,0,0.0,0,0,0,0.0,0.25,1,P6_CV0,3,0,2,1,1
7,2527429.642,708511.8011,Age0_F7_m7f7_P7_Y2_UO561,S7_F7_m7f7_P7_Y0_UO2179,S7_F7_m-1f-1_P7_Y-1_U34,MXY,0,78.4244973980172,0,0,0.0,0,0,0,0.0,0.25,1,P6_CV0,3,1,1,1,1
7,2527429.642,708511.8011,Age0_F7_m7f7_P7_Y2_UO562,S7_F7_m7f7_P7_Y0_UO2179,S7_F7_m-1f-1_P7_Y-1_U34,FXX,0,78.4244973980172,0,0,0.0,0,0,0,0.0,0.25,1,P6_CV0,3,0,2,1,1
7,2527429.642,708511.8011,Age0_F7_m7f7_P7_Y2_UO563,S7_F7_m7f7_P7_Y0_UO1893,S7_F7_m7f7_P7_Y0_UO2429,FXX,0,78.4244973980172,0,0,0.0,0,0,0,0.0,0.5,1,P6_CV0,3,1,1,0,2
7,2527429.642,708511.8011,Age0_F7_m7f7_P7_Y2_UO564,S7_F7_m7f7_P7_Y0_UO1893,S7_F7_m7f7_P7_Y0_UO2429,MXY,0,78.4244973980172,0,0,0.0,0,0,0,0.0,0.5,1,P6_CV0,3,1,1,1,1
7,2527429.642,708511.8011,Age0_F7_m7f7_P7_Y2_UO565,S7_F7_m7f7_P7_Y0_UO1893,S7_F7_m7f7_P7_Y0_UO2429,MXY,0,78.4244973980172,0,0,0.0,0,0,0,0.0,0.5,1,P6_CV0,3,1,1,1,1
7,2527429.642,708511.8011,Age0_F7_m7f7_P7_Y2_UO566,S7_F7_m7f7_P7_Y0_UO1877,S7_F7_m7f7_P7_Y0_UO2224,MXY,0,78.4244973980172,0,0,0.0,0,0,0,0.0,0.5,1,P6_CV0,3,1,1,0,2
7,2527429.642,708511.8011,Age0_F7_m7f7_P7_Y2_UO567,S7_F7_m7f7_P7_Y0_UO1877,S7_F7_m7f7_P7_Y0_UO2224,MXY,0,78.4244973980172,0,0,0.0,0,0,0,0.0,0.5,1,P6_CV0,3,1,1,1,1
7,2527429.642,708511.8011,Age0_F7_m7f7_P7_Y2_UO568,S7_F7_m7f7_P7_Y0_UO1877,S7_F7_m7f7_P7_Y0_UO2224,FXX,0,78.4244973980172,0,0,0.0,0,0,0,0.0,0.5,1,P6_CV0,3,1,1,2,0
7,2527429.642,708511.8011,Age0_F7_m7f7_P7_Y2_UO569,S7_F7_m7f7_P7_Y0_UO1877,S7_F7_m7f7_P7_Y0_UO2224,FXX,0,78.4244973980172,0,0,0.0,0,0,0,0.0,0.5,1,P6_CV0,3,1,1,2,0
7,2527429.642,708511.8011,Age0_F7_m7f7_P7_Y2_UO570,S7_F7_m7f7_P7_Y0_UO1877,S7_F7_m7f7_P7_Y0_UO2224,MXY,0,78.4244973980172,0,0,0.0,0,0,0,0.0,0.5,1,P6_CV0,3,1,1,0,2
7,2527429.642,708511.8011,Age0_F7_m7f7_P7_Y2_UO571,S7_F7_m7f7_P7_Y0_UO2058,S7_F7_m7f7_P7_Y0_UO2003,FXX,0,78.4244973980172,0,0,0.0,0,0,0,0.0,0.375,1,P6_CV0,3,1,1,1,1
7,2527429.642,708511.8011,Age0_F7_m7f7_P7_Y2_UO572,S7_F7_m7f7_P7_Y0_UO2058,S7_F7_m7f7_P7_Y0_UO2003,MXY,0,78.4244973980172,0,0,0.0,0,0,0,0.0,0.375,1,P6_CV0,3,0,2,1,1
7,2527429.642,708511.8011,Age0_F7_m7f7_P7_Y2_UO573,S7_F7_m7f7_P7_Y0_UO2058,S7_F7_m7f7_P7_Y0_UO2003,MXY,0,78.4244973980172,0,0,0.0,0,0,0,0.0,0.375,1,P6_CV0,3,0,2,1,1
7,2527429.642,708511.8011,Age0_F7_m7f7_P7_Y2_UO574,S7_F7_m7f7_P7_Y0_UO2058,S7_F7_m7f7_P7_Y0_UO2003,FXX,0,78.4244973980172,0,0,0.0,0,0,0,0.0,0.375,1,P6_CV0,3,0,2,1,1
7,2527429.642,708511.8011,Age0_F7_m7f7_P7_Y2_UO575,S7_F7_m7f7_P7_Y0_UO2058,S7_F7_m7f7_P7_Y0_UO2003,FXX,0,78.4244973980172,0,0,0.0,0,0,0,0.0,0.375,1,P6_CV0,3,0,2,1,1
7,2527429.642,708511.8011,Age0_F7_m7f7_P7_Y2_UO576,S7_F7_m7f7_P7_Y0_UO2058,S7_F7_m7f7_P7_Y0_UO2003,MXY,0,78.4244973980172,0,0,0.0,0,0,0,0.0,0.375,1,P6_CV0,3,0,2,1,1
7,2527429.642,708511.8011,Age0_F7_m7f7_P7_Y2_UO577,S7_F7_m7f7_P7_Y0_UO2058,S7_F7_m7f7_P7_Y0_UO2003,MXY,0,78.4244973980172,0,0,0.0,0,0,0,0.0,0.375,1,P6_CV0,3,0,2,1,1
7,2527429.642,708511.8011,Age0_F7_m7f7_P7_Y2_UO578,S7_F7_m7f7_P7_Y0_UO2058,S7_F7_m7f7_P7_Y0_UO2003,MXY,0,78.4244973980172,0,0,0.0,0,0,0,0.0,0.375,1,P6_CV0,3,1,1,1,1
7,2527429.642,708511.8011,Age0_F7_m7f7_P7_Y2_UO579,S7_F7_m7f7_P7_Y0_UO1921,S7_F7_m7f7_P7_Y0_UO2311,FXX,0,78.4244973980172,0,0,0.0,0,0,0,0.0,0.625,1,P6_CV0,3,0,2,1,1
7,2527429.642,708511.8011,Age0_F7_m7f7_P7_Y2_UO580,S7_F7_m7f7_P7_Y0_UO1871,S7_F7_m7f7_P7_Y0_UO1929,MXY,0,78.4244973980172,0,0,0.0,0,0,0,0.0,0.375,1,P6_CV0,3,0,2,1,1
7,2527429.642,708511.8011,Age0_F7_m7f7_P7_Y2_UO581,S7_F7_m7f7_P7_Y0_UO1871,S7_F7_m7f7_P7_Y0_UO1929,FXX,0,78.4244973980172,0,0,0.0,0,0,0,0.0,0.375,1,P6_CV0,3,0,2,0,2
7,2527429.642,708511.8011,Age0_F7_m7f7_P7_Y2_UO582,S7_F7_m7f7_P7_Y0_UO1871,S7_F7_m7f7_P7_Y0_UO1929,MXY,0,78.4244973980172,0,0,0.0,0,0,0,0.0,0.375,1,P6_CV0,3,0,2,0,2
7,2527429.642,708511.8011,Age0_F7_m7f7_P7_Y2_UO583,S7_F7_m7f7_P7_Y0_UO1871,S7_F7_m7f7_P7_Y0_UO1929,FXX,0,78.4244973980172,0,0,0.0,0,0,0,0.0,0.375,1,P6_CV0,3,0,2,1,1
7,2527429.642,708511.8011,Age0_F7_m7f7_P7_Y2_UO584,S7_F7_m7f7_P7_Y0_UO1871,S7_F7_m7f7_P7_Y0_UO1929,FXX,0,78.4244973980172,0,0,0.0,0,0,0,0.0,0.375,1,P6_CV0,3,0,2,0,2
7,2527429.642,708511.8011,Age0_F7_m7f7_P7_Y2_UO585,S7_F7_m7f7_P7_Y0_UO1871,S7_F7_m7f7_P7_Y0_UO1929,FXX,0,78.4244973980172,0,0,0.0,0,0,0,0.0,0.375,1,P6_CV0,3,0,2,1,1
7,2527429.642,708511.8011,Age0_F7_m7f7_P7_Y2_UO586,S7_F7_m7f7_P7_Y0_UO1832,S7_F7_m7f7_P7_Y0_UO1843,MXY,0,78.4244973980172,0,0,0.0,0,0,0,0.0,0.375,1,P6_CV0,3,2,0,2,0
7,2527429.642,708511.8011,Age0_F7_m7f7_P7_Y2_UO587,S7_F7_m7f7_P7_Y0_UO1832,S7_F7_m7f7_P7_Y0_UO1843,MXY,0,78.4244973980172,0,0,0.0,0,0,0,0.0,0.375,1,P6_CV0,3,1,1,2,0
7,2527429.642,708511.8011,Age0_F7_m7f7_P7_Y2_UO588,S7_F7_m7f7_P7_Y0_UO1832,S7_F7_m7f7_P7_Y0_UO1843,FXX,0,78.4244973980172,0,0,0.0,0,0,0,0.0,0.375,1,P6_CV0,3,1,1,2,0
7,2527429.642,708511.8011,Age0_F7_m7f7_P7_Y2_UO589,S7_F7_m7f7_P7_Y0_UO1832,S7_F7_m7f7_P7_Y0_UO1843,MXY,0,78.4244973980172,0,0,0.0,0,0,0,0.0,0.375,1,P6_CV0,3,1,1,2,0
7,2527429.642,708511.8011,Age0_F7_m7f7_P7_Y2_UO590,S7_F7_m7f7_P7_Y0_UO1935,S7_F7_m7f7_P7_Y0_UO1835,MXY,0,78.4244973980172,0,0,0.0,0,0,0,0.0,0.25,1,P6_CV0,3,2,0,2,0
7,2527429.642,708511.8011,Age0_F7_m7f7_P7_Y2_UO591,S7_F7_m7f7_P7_Y0_UO1935,S7_F7_m7f7_P7_Y0_UO1835,MXY,0,78.4244973980172,0,0,0.0,0,0,0,0.0,0.25,1,P6_CV0,3,1,1,1,1
7,2527429.642,708511.8011,Age0_F7_m7f7_P7_Y2_UO592,S7_F7_m7f7_P7_Y0_UO1935,S7_F7_m7f7_P7_Y0_UO1835,FXX,0,78.4244973980172,0,0,0.0,0,0,0,0.0,0.25,1,P6_CV0,3,1,1,1,1
7,2527429.642,708511.8011,Age0_F7_m7f7_P7_Y2_UO593,S7_F7_m7f7_P7_Y0_UO1935,S7_F7_m7f7_P7_Y0_UO1835,MXY,0,78.4244973980172,0,0,0.0,0,0,0,0.0,0.25,1,P6_CV0,3,0,2,2,0
7,2527429.642,708511.8011,Age0_F7_m7f7_P7_Y2_UO594,S7_F7_m7f7_P7_Y0_UO1935,S7_F7_m7f7_P7_Y0_UO1835,FXX,0,78.4244973980172,0,0,0.0,0,0,0,0.0,0.25,1,P6_CV0,3,1,1,1,1
7,2527429.642,708511.8011,Age0_F7_m7f7_P7_Y2_UO595,S7_F7_m7f7_P7_Y0_UO1824,S7_F7_m7f7_P7_Y0_UO2311,FXX,0,78.4244973980172,0,0,0.0,0,0,0,0.0,0.625,1,P6_CV0,3,0,2,0,2
7,2527429.642,708511.8011,Age0_F7_m7f7_P7_Y2_UO596,S7_F7_m7f7_P7_Y0_UO1824,S7_F7_m7f7_P7_Y0_UO2311,FXX,0,78.4244973980172,0,0,0.0,0,0,0,0.0,0.625,1,P6_CV0,3,0,2,1,1
7,2527429.642,708511.8011,Age0_F7_m7f7_P7_Y2_UO597,S7_F7_m7f7_P7_Y0_UO1824,S7_F7_m7f7_P7_Y0_UO2311,FXX,0,78.4244973980172,0,0,0.0,0,0,0,0.0,0.625,1,P6_CV0,3,1,1,1,1
7,2527429.642,708511.8011,Age0_F7_m7f7_P7_Y2_UO598,S7_F7_m7f7_P7_Y0_UO1824,S7_F7_m7f7_P7_Y0_UO2311,FXX,0,78.4244973980172,0,0,0.0,0,0,0,0.0,0.625,1,P6_CV0,3,2,0,2,0
7,2527429.642,708511.8011,Age0_F7_m7f7_P7_Y2_UO599,S7_F7_m7f7_P7_Y0_UO1824,S7_F7_m7f7_P7_Y0_UO2311,MXY,0,78.4244973980172,0,0,0.0,0,0,0,0.0,0.625,1,P6_CV0,3,0,2,0,2
7,2527429.642,708511.8011,Age0_F7_m7f7_P7_Y2_UO600,S7_F7_m7f7_P7_Y0_UO1824,S7_F7_m7f7_P7_Y0_UO2311,FXX,0,78.4244973980172,0,0,0.0,0,0,0,0.0,0.625,1,P6_CV0,3,1,1,2,0
7,2527429.642,708511.8011,Age0_F7_m7f7_P7_Y2_UO601,S7_F7_m7f7_P7_Y0_UO2115,S7_F7_m7f7_P7_Y0_UO1841,MXY,0,78.4244973980172,0,0,0.0,0,0,0,0.0,0.5,1,P6_CV0,3,0,2,1,1
7,2527429.642,708511.8011,Age0_F7_m7f7_P7_Y2_UO602,S7_F7_m7f7_P7_Y0_UO2115,S7_F7_m7f7_P7_Y0_UO1841,MXY,0,78.4244973980172,0,0,0.0,0,0,0,0.0,0.5,1,P6_CV0,3,1,1,1,1
7,2527429.642,708511.8011,Age0_F7_m7f7_P7_Y2_UO603,S7_F7_m7f7_P7_Y0_UO2115,S7_F7_m7f7_P7_Y0_UO1841,FXX,0,78.4244973980172,0,0,0.0,0,0,0,0.0,0.5,1,P6_CV0,3,1,1,1,1
7,2527429.642,708511.8011,Age0_F7_m7f7_P7_Y2_UO604,S7_F7_m7f7_P7_Y0_UO2115,S7_F7_m7f7_P7_Y0_UO1841,FXX,0,78.4244973980172,0,0,0.0,0,0,0,0.0,0.5,1,P6_CV0,3,1,1,1,1
7,2527429.642,708511.8011,Age0_F7_m7f7_P7_Y2_UO605,S7_F7_m7f7_P7_Y0_UO2115,S7_F7_m7f7_P7_Y0_UO1841,MXY,0,78.4244973980172,0,0,0.0,0,0,0,0.0,0.5,1,P6_CV0,3,1,1,1,1
7,2527429.642,708511.8011,Age0_F7_m7f7_P7_Y2_UO606,S7_F7_m7f7_P7_Y0_UO2115,S7_F7_m7f7_P7_Y0_UO1841,FXX,0,78.4244973980172,0,0,0.0,0,0,0,0.0,0.5,1,P6_CV0,3,2,0,1,1
7,2527429.642,708511.8011,Age0_F7_m7f7_P7_Y2_UO607,S7_F7_m7f7_P7_Y0_UO2412,S7_F7_m7f7_P7_Y0_UO2027,MXY,0,78.4244973980172,0,0,0.0,0,0,0,0.0,0.75,1,P6_CV0,3,1,1,0,2
7,2527429.642,708511.8011,Age0_F7_m7f7_P7_Y2_UO608,S7_F7_m7f7_P7_Y0_UO2412,S7_F7_m7f7_P7_Y0_UO2027,MXY,0,78.4244973980172,0,0,0.0,0,0,0,0.0,0.75,1,P6_CV0,3,1,1,0,2
7,2527429.642,708511.8011,Age0_F7_m7f7_P7_Y2_UO609,S7_F7_m7f7_P7_Y0_UO2412,S7_F7_m7f7_P7_Y0_UO2027,FXX,0,78.4244973980172,0,0,0.0,0,0,0,0.0,0.75,1,P6_CV0,3,2,0,0,2
7,2527429.642,708511.8011,Age0_F7_m7f7_P7_Y2_UO610,S7_F7_m7f7_P7_Y0_UO2412,S7_F7_m7f7_P7_Y0_UO2027,FXX,0,78.4244973980172,0,0,0.0,0,0,0,0.0,0.75,1,P6_CV0,3,1,1,0,2
7,2527429.642,708511.8011,Age0_F7_m7f7_P7_Y2_UO611,S7_F7_m7f7_P7_Y0_UO2412,S7_F7_m7f7_P7_Y0_UO2027,FXX,0,78.4244973980172,0,0,0.0,0,0,0,0.0,0.75,1,P6_CV0,3,2,0,0,2
7,2527429.642,708511.8011,Age0_F7_m7f7_P7_Y2_UO612,S7_F7_m7f7_P7_Y0_UO2412,S7_F7_m7f7_P7_Y0_UO2027,FXX,0,78.4244973980172,0,0,0.0,0,0,0,0.0,0.75,1,P6_CV0,3,1,1,0,2
7,2527429.642,708511.8011,Age0_F7_m7f7_P7_Y2_UO613,S7_F7_m7f7_P7_Y0_UO2043,S7_F7_m7f7_P7_Y0_UO1914,FXX,0,78.4244973980172,0,0,0.0,0,0,0,0.0,0.75,1,P6_CV0,3,2,0,1,1
7,2527429.642,708511.8011,Age0_F7_m7f7_P7_Y2_UO614,S7_F7_m7f7_P7_Y0_UO2043,S7_F7_m7f7_P7_Y0_UO1914,MXY,0,78.4244973980172,0,0,0.0,0,0,0,0.0,0.75,1,P6_CV0,3,2,0,0,2
7,2527429.642,708511.8011,Age0_F7_m7f7_P7_Y2_UO615,S7_F7_m7f7_P7_Y0_UO2043,S7_F7_m7f7_P7_Y0_UO1914,MXY,0,78.4244973980172,0,0,0.0,0,0,0,0.0,0.75,1,P6_CV0,3,1,1,0,2
7,2527429.642,708511.8011,Age0_F7_m7f7_P7_Y2_UO616,S7_F7_m7f7_P7_Y0_UO2043,S7_F7_m7f7_P7_Y0_UO1914,MXY,0,78.4244973980172,0,0,0.0,0,0,0,0.0,0.75,1,P6_CV0,3,2,0,2,0
7,2527429.642,708511.8011,Age0_F7_m7f7_P7_Y2_UO617,S7_F7_m7f7_P7_Y0_UO2043,S7_F7_m7f7_P7_Y0_UO1914,MXY,0,78.4244973980172,0,0,0.0,0,0,0,0.0,0.75,1,P6_CV0,3,1,1,0,2
7,2527429.642,708511.8011,Age0_F7_m7f7_P7_Y2_UO618,S7_F7_m7f7_P7_Y0_UO2043,S7_F7_m7f7_P7_Y0_UO1914,MXY,0,78.4244973980172,0,0,0.0,0,0,0,0.0,0.75,1,P6_CV0,3,2,0,2,0
7,2527429.642,708511.8011,Age0_F7_m7f7_P7_Y2_UO619,S7_F7_m7f7_P7_Y0_UO2043,S7_F7_m7f7_P7_Y0_UO1914,FXX,0,78.4244973980172,0,0,0.0,0,0,0,0.0,0.75,1,P6_CV0,3,1,1,1,1
7,2527429.642,708511.8011,Age0_F7_m7f7_P7_Y2_UO620,S7_F7_m7f7_P7_Y0_UO2063,S7_F7_m7f7_P7_Y0_UO1947,FXX,0,78.4244973980172,0,0,0.0,0,0,0,0.0,0.5,1,P6_CV0,3,0,2,1,1
7,2527429.642,708511.8011,Age0_F7_m7f7_P7_Y2_UO621,S7_F7_m7f7_P7_Y0_UO2063,S7_F7_m7f7_P7_Y0_UO1947,MXY,0,78.4244973980172,0,0,0.0,0,0,0,0.0,0.5,1,P6_CV0,3,2,0,1,1
7,2527429.642,708511.8011,Age0_F7_m7f7_P7_Y2_UO622,S7_F7_m7f7_P7_Y0_UO2063,S7_F7_m7f7_P7_Y0_UO1947,MXY,0,78.4244973980172,0,0,0.0,0,0,0,0.0,0.5,1,P6_CV0,3,1,1,1,1
7,2527429.642,708511.8011,Age0_F7_m7f7_P7_Y2_UO623,S7_F7_m7f7_P7_Y0_UO2063,S7_F7_m7f7_P7_Y0_UO1947,FXX,0,78.4244973980172,0,0,0.0,0,0,0,0.0,0.5,1,P6_CV0,3,1,1,1,1
7,2527429.642,708511.8011,Age0_F7_m7f7_P7_Y2_UO624,S7_F7_m7f7_P7_Y0_UO2063,S7_F7_m7f7_P7_Y0_UO1947,FXX,0,78.4244973980172,0,0,0.0,0,0,0,0.0,0.5,1,P6_CV0,3,2,0,1,1
7,2527429.642,708511.8011,Age0_F7_m7f7_P7_Y2_UO625,S7_F7_m7f7_P7_Y0_UO2063,S7_F7_m7f7_P7_Y0_UO1947,FXX,0,78.4244973980172,0,0,0.0,0,0,0,0.0,0.5,1,P6_CV0,3,2,0,1,1
7,2527429.642,708511.8011,Age0_F7_m7f7_P7_Y2_UO626,S7_F7_m7f7_P7_Y0_UO2063,S7_F7_m7f7_P7_Y0_UO1947,MXY,0,78.4244973980172,0,0,0.0,0,0,0,0.0,0.5,1,P6_CV0,3,2,0,1,1
7,2527429.642,708511.8011,Age0_F7_m7f7_P7_Y2_UO627,S7_F7_m7f7_P7_Y0_UO2373,S7_F7_m7f7_P7_Y0_UO2015,MXY,0,78.4244973980172,0,0,0.0,0,0,0,0.0,0.25,1,P6_CV0,3,1,1,1,1
7,2527429.642,708511.8011,Age0_F7_m7f7_P7_Y2_UO628,S7_F7_m7f7_P7_Y0_UO2373,S7_F7_m7f7_P7_Y0_UO2015,MXY,0,78.4244973980172,0,0,0.0,0,0,0,0.0,0.25,1,P6_CV0,3,1,1,1,1
7,2527429.642,708511.8011,Age0_F7_m7f7_P7_Y2_UO629,S7_F7_m7f7_P7_Y0_UO2373,S7_F7_m7f7_P7_Y0_UO2015,MXY,0,78.4244973980172,0,0,0.0,0,0,0,0.0,0.25,1,P6_CV0,3,1,1,1,1
7,2527429.642,708511.8011,Age0_F7_m7f7_P7_Y2_UO630,S7_F7_m7f7_P7_Y0_UO2373,S7_F7_m7f7_P7_Y0_UO2015,FXX,0,78.4244973980172,0,0,0.0,0,0,0,0.0,0.25,1,P6_CV0,3,1,1,1,1
7,2527429.642,708511.8011,Age0_F7_m7f7_P7_Y2_UO631,S7_F7_m7f7_P7_Y0_UO2373,S7_F7_m7f7_P7_Y0_UO2015,MXY,0,78.4244973980172,0,0,0.0,0,0,0,0.0,0.25,1,P6_CV0,3,1,1,1,1
7,2527429.642,708511.8011,Age0_F7_m7f7_P7_Y2_UO632,S7_F7_m7f7_P7_Y0_UO2373,S7_F7_m7f7_P7_Y0_UO2015,MXY,0,78.4244973980172,0,0,0.0,0,0,0,0.0,0.25,1,P6_CV0,3,1,1,0,2
7,2527429.642,708511.8011,Age0_F7_m7f7_P7_Y2_UO633,S7_F7_m7f7_P7_Y0_UO2373,S7_F7_m7f7_P7_Y0_UO2015,FXX,0,78.4244973980172,0,0,0.0,0,0,0,0.0,0.25,1,P6_CV0,3,1,1,0,2
7,2527429.642,708511.8011,Age0_F7_m7f7_P7_Y2_UO634,S7_F7_m7f7_P7_Y0_UO2373,S7_F7_m7f7_P7_Y0_UO2015,MXY,0,78.4244973980172,0,0,0.0,0,0,0,0.0,0.25,1,P6_CV0,3,1,1,1,1
7,2527429.642,708511.8011,Age0_F7_m7f7_P7_Y2_UO635,S7_F7_m7f7_P7_Y0_UO2373,S7_F7_m7f7_P7_Y0_UO2015,FXX,0,78.4244973980172,0,0,0.0,0,0,0,0.0,0.25,1,P6_CV0,3,1,1,0,2
7,2527429.642,708511.8011,Age0_F7_m7f7_P7_Y2_UO636,S7_F7_m7f7_P7_Y0_UO2188,S7_F7_m7f7_P7_Y0_UO2405,FXX,0,78.4244973980172,0,0,0.0,0,0,0,0.0,0.5,1,P6_CV0,3,1,1,2,0
7,2527429.642,708511.8011,Age0_F7_m7f7_P7_Y2_UO637,S7_F7_m7f7_P7_Y0_UO2188,S7_F7_m7f7_P7_Y0_UO2405,FXX,0,78.4244973980172,0,0,0.0,0,0,0,0.0,0.5,1,P6_CV0,3,1,1,2,0
7,2527429.642,708511.8011,Age0_F7_m7f7_P7_Y2_UO638,S7_F7_m7f7_P7_Y0_UO2188,S7_F7_m7f7_P7_Y0_UO2405,MXY,0,78.4244973980172,0,0,0.0,0,0,0,0.0,0.5,1,P6_CV0,3,1,1,2,0
7,2527429.642,708511.8011,Age0_F7_m7f7_P7_Y2_UO639,S7_F7_m7f7_P7_Y0_UO2188,S7_F7_m7f7_P7_Y0_UO2405,FXX,0,78.4244973980172,0,0,0.0,0,0,0,0.0,0.5,1,P6_CV0,3,1,1,2,0
7,2527429.642,708511.8011,Age0_F7_m7f7_P7_Y2_UO640,S7_F7_m7f7_P7_Y0_UO2188,S7_F7_m7f7_P7_Y0_UO2405,MXY,0,78.4244973980172,0,0,0.0,0,0,0,0.0,0.5,1,P6_CV0,3,1,1,2,0
7,2527429.642,708511.8011,Age0_F7_m7f7_P7_Y2_UO641,S7_F7_m7f7_P7_Y0_UO2119,S7_F7_m7f7_P7_Y0_UO2411,MXY,0,78.4244973980172,0,0,0.0,0,0,0,0.0,0.75,1,P6_CV0,3,1,1,1,1
7,2527429.642,708511.8011,Age0_F7_m7f7_P7_Y2_UO642,S7_F7_m7f7_P7_Y0_UO2119,S7_F7_m7f7_P7_Y0_UO2411,MXY,0,78.4244973980172,0,0,0.0,0,0,0,0.0,0.75,1,P6_CV0,3,1,1,1,1
7,2527429.642,708511.8011,Age0_F7_m7f7_P7_Y2_UO643,S7_F7_m7f7_P7_Y0_UO2119,S7_F7_m7f7_P7_Y0_UO2411,FXX,0,78.4244973980172,0,0,0.0,0,0,0,0.0,0.75,1,P6_CV0,3,2,0,1,1
7,2527429.642,708511.8011,Age0_F7_m7f7_P7_Y2_UO644,S7_F7_m7f7_P7_Y0_UO2119,S7_F7_m7f7_P7_Y0_UO2411,FXX,0,78.4244973980172,0,0,0.0,0,0,0,0.0,0.75,1,P6_CV0,3,2,0,0,2
7,2527429.642,708511.8011,Age0_F7_m7f7_P7_Y2_UO645,S7_F7_m7f7_P7_Y0_UO2119,S7_F7_m7f7_P7_Y0_UO2411,FXX,0,78.4244973980172,0,0,0.0,0,0,0,0.0,0.75,1,P6_CV0,3,2,0,1,1
7,2527429.642,708511.8011,Age0_F7_m7f7_P7_Y2_UO646,S7_F7_m7f7_P7_Y0_UO2383,S7_F7_m7f7_P7_Y0_UO2224,FXX,0,78.4244973980172,0,0,0.0,0,0,0,0.0,0.375,1,P6_CV0,3,1,1,1,1
7,2527429.642,708511.8011,Age0_F7_m7f7_P7_Y2_UO647,S7_F7_m7f7_P7_Y0_UO2145,S7_F7_m7f7_P7_Y0_UO2224,FXX,0,78.4244973980172,0,0,0.0,0,0,0,0.0,0.75,1,P6_CV0,3,1,1,1,1
7,2527429.642,708511.8011,Age0_F7_m7f7_P7_Y2_UO648,S7_F7_m7f7_P7_Y0_UO2145,S7_F7_m7f7_P7_Y0_UO2224,FXX,0,78.4244973980172,0,0,0.0,0,0,0,0.0,0.75,1,P6_CV0,3,2,0,1,1
7,2527429.642,708511.8011,Age0_F7_m7f7_P7_Y2_UO649,S7_F7_m7f7_P7_Y0_UO2145,S7_F7_m7f7_P7_Y0_UO2224,MXY,0,78.4244973980172,0,0,0.0,0,0,0,0.0,0.75,1,P6_CV0,3,1,1,2,0
7,2527429.642,708511.8011,Age0_F7_m7f7_P7_Y2_UO650,S7_F7_m7f7_P7_Y0_UO2145,S7_F7_m7f7_P7_Y0_UO2224,FXX,0,78.4244973980172,0,0,0.0,0,0,0,0.0,0.75,1,P6_CV0,3,1,1,1,1
7,2527429.642,708511.8011,Age0_F7_m7f7_P7_Y2_UO651,S7_F7_m7f7_P7_Y0_UO2145,S7_F7_m7f7_P7_Y0_UO2224,FXX,0,78.4244973980172,0,0,0.0,0,0,0,0.0,0.75,1,P6_CV0,3,2,0,2,0
7,2527429.642,708511.8011,Age0_F7_m7f7_P7_Y2_UO652,S7_F7_m7f7_P7_Y0_UO2145,S7_F7_m7f7_P7_Y0_UO2224,MXY,0,78.4244973980172,0,0,0.0,0,0,0,0.0,0.75,1,P6_CV0,3,1,1,2,0
7,2527429.642,708511.8011,Age0_F7_m7f7_P7_Y2_UO653,S7_F7_m7f7_P7_Y0_UO2042,S7_F7_m7f7_P7_Y0_UO2027,MXY,0,78.4244973980172,0,0,0.0,0,0,0,0.0,0.625,1,P6_CV0,3,2,0,1,1
7,2527429.642,708511.8011,Age0_F7_m7f7_P7_Y2_UO654,S7_F7_m7f7_P7_Y0_UO2042,S7_F7_m7f7_P7_Y0_UO2027,FXX,0,78.4244973980172,0,0,0.0,0,0,0,0.0,0.625,1,P6_CV0,3,2,0,1,1
7,2527429.642,708511.8011,Age0_F7_m7f7_P7_Y2_UO655,S7_F7_m7f7_P7_Y0_UO2346,S7_F7_m7f7_P7_Y0_UO2165,FXX,0,78.4244973980172,0,0,0.0,0,0,0,0.0,0.25,1,P6_CV0,3,1,1,0,2
7,2527429.642,708511.8011,Age0_F7_m7f7_P7_Y2_UO656,S7_F7_m7f7_P7_Y0_UO2346,S7_F7_m7f7_P7_Y0_UO2165,MXY,0,78.4244973980172,0,0,0.0,0,0,0,0.0,0.25,1,P6_CV0,3,0,2,0,2
7,2527429.642,708511.8011,Age0_F7_m7f7_P7_Y2_UO657,S7_F7_m7f7_P7_Y0_UO2346,S7_F7_m7f7_P7_Y0_UO2165,FXX,0,78.4244973980172,0,0,0.0,0,0,0,0.0,0.25,1,P6_CV0,3,0,2,0,2
7,2527429.642,708511.8011,Age0_F7_m7f7_P7_Y2_UO658,S7_F7_m7f7_P7_Y0_UO2346,S7_F7_m7f7_P7_Y0_UO2165,FXX,0,78.4244973980172,0,0,0.0,0,0,0,0.0,0.25,1,P6_CV0,3,0,2,0,2
7,2527429.642,708511.8011,Age0_F7_m7f7_P7_Y2_UO659,S7_F7_m7f7_P7_Y0_UO2346,S7_F7_m7f7_P7_Y0_UO2165,MXY,0,78.4244973980172,0,0,0.0,0,0,0,0.0,0.25,1,P6_CV0,3,1,1,0,2
7,2527429.642,708511.8011,Age0_F7_m7f7_P7_Y2_UO660,S7_F7_m7f7_P7_Y0_UO2386,S7_F7_m7f7_P7_Y0_UO2195,FXX,0,78.4244973980172,0,0,0.0,0,0,0,0.0,0.125,1,P6_CV0,3,0,2,1,1
7,2527429.642,708511.8011,Age0_F7_m7f7_P7_Y2_UO661,S7_F7_m7f7_P7_Y0_UO2386,S7_F7_m7f7_P7_Y0_UO2195,FXX,0,78.4244973980172,0,0,0.0,0,0,0,0.0,0.125,1,P6_CV0,3,1,1,1,1
7,2527429.642,708511.8011,Age0_F7_m7f7_P7_Y2_UO662,S7_F7_m7f7_P7_Y0_UO2386,S7_F7_m7f7_P7_Y0_UO2195,FXX,0,78.4244973980172,0,0,0.0,0,0,0,0.0,0.125,1,P6_CV0,3,0,2,1,1
7,2527429.642,708511.8011,Age0_F7_m7f7_P7_Y2_UO663,S7_F7_m7f7_P7_Y0_UO2386,S7_F7_m7f7_P7_Y0_UO2195,MXY,0,78.4244973980172,0,0,0.0,0,0,0,0.0,0.125,1,P6_CV0,3,1,1,1,1
7,2527429.642,708511.8011,Age0_F7_m7f7_P7_Y2_UO664,S7_F7_m7f7_P7_Y0_UO2386,S7_F7_m7f7_P7_Y0_UO2195,MXY,0,78.4244973980172,0,0,0.0,0,0,0,0.0,0.125,1,P6_CV0,3,0,2,1,1
7,2527429.642,708511.8011,Age0_F7_m7f7_P7_Y2_UO665,S7_F7_m7f7_P7_Y0_UO2386,S7_F7_m7f7_P7_Y0_UO2195,FXX,0,78.4244973980172,0,0,0.0,0,0,0,0.0,0.125,1,P6_CV0,3,1,1,1,1
7,2527429.642,708511.8011,Age0_F7_m7f7_P7_Y2_UO666,S7_F7_m7f7_P7_Y0_UO2386,S7_F7_m7f7_P7_Y0_UO2195,MXY,0,78.4244973980172,0,0,0.0,0,0,0,0.0,0.125,1,P6_CV0,3,1,1,1,1
7,2527429.642,708511.8011,Age0_F7_m7f7_P7_Y2_UO667,S7_F7_m7f7_P7_Y0_UO2051,S7_F7_m7f7_P7_Y0_UO2158,MXY,0,78.4244973980172,0,0,0.0,0,0,0,0.0,0.125,1,P6_CV0,3,0,2,1,1
7,2527429.642,708511.8011,Age0_F7_m7f7_P7_Y2_UO668,S7_F7_m7f7_P7_Y0_UO2051,S7_F7_m7f7_P7_Y0_UO2158,FXX,0,78.4244973980172,0,0,0.0,0,0,0,0.0,0.125,1,P6_CV0,3,0,2,0,2
7,2527429.642,708511.8011,Age0_F7_m7f7_P7_Y2_UO669,S7_F7_m7f7_P7_Y0_UO2051,S7_F7_m7f7_P7_Y0_UO2158,MXY,0,78.4244973980172,0,0,0.0,0,0,0,0.0,0.125,1,P6_CV0,3,0,2,1,1
7,2527429.642,708511.8011,Age0_F7_m7f7_P7_Y2_UO670,S7_F7_m7f7_P7_Y0_UO1848,S7_F7_m7f7_P7_Y0_UO1929,FXX,0,78.4244973980172,0,0,0.0,0,0,0,0.0,0.375,1,P6_CV0,3,1,1,0,2
7,2527429.642,708511.8011,Age0_F7_m7f7_P7_Y2_UO671,S7_F7_m7f7_P7_Y0_UO1848,S7_F7_m7f7_P7_Y0_UO1929,MXY,0,78.4244973980172,0,0,0.0,0,0,0,0.0,0.375,1,P6_CV0,3,0,2,1,1
7,2527429.642,708511.8011,Age0_F7_m7f7_P7_Y2_UO672,S7_F7_m7f7_P7_Y0_UO1848,S7_F7_m7f7_P7_Y0_UO1929,FXX,0,78.4244973980172,0,0,0.0,0,0,0,0.0,0.375,1,P6_CV0,3,1,1,1,1
7,2527429.642,708511.8011,Age0_F7_m7f7_P7_Y2_UO673,S7_F7_m7f7_P7_Y0_UO1848,S7_F7_m7f7_P7_Y0_UO1929,FXX,0,78.4244973980172,0,0,0.0,0,0,0,0.0,0.375,1,P6_CV0,3,0,2,0,2
7,2527429.642,708511.8011,Age0_F7_m7f7_P7_Y2_UO674,S7_F7_m7f7_P7_Y0_UO1848,S7_F7_m7f7_P7_Y0_UO1929,FXX,0,78.4244973980172,0,0,0.0,0,0,0,0.0,0.375,1,P6_CV0,3,0,2,1,1
7,2527429.642,708511.8011,Age0_F7_m7f7_P7_Y2_UO675,S7_F7_m7f7_P7_Y0_UO1848,S7_F7_m7f7_P7_Y0_UO1929,FXX,0,78.4244973980172,0,0,0.0,0,0,0,0.0,0.375,1,P6_CV0,3,0,2,0,2
7,2527429.642,708511.8011,Age0_F7_m7f7_P7_Y2_UO676,S7_F7_m7f7_P7_Y0_UO2166,S7_F7_m7f7_P7_Y0_UO1835,MXY,0,78.4244973980172,0,0,0.0,0,0,0,0.0,0.25,1,P6_CV0,3,1,1,1,1
7,2527429.642,708511.8011,Age0_F7_m7f7_P7_Y2_UO677,S7_F7_m7f7_P7_Y0_UO2166,S7_F7_m7f7_P7_Y0_UO1835,FXX,0,78.4244973980172,0,0,0.0,0,0,0,0.0,0.25,1,P6_CV0,3,1,1,1,1
7,2527429.642,708511.8011,Age0_F7_m7f7_P7_Y2_UO678,S7_F7_m7f7_P7_Y0_UO2166,S7_F7_m7f7_P7_Y0_UO1835,MXY,0,78.4244973980172,0,0,0.0,0,0,0,0.0,0.25,1,P6_CV0,3,2,0,1,1
7,2527429.642,708511.8011,Age0_F7_m7f7_P7_Y2_UO679,S7_F7_m7f7_P7_Y0_UO2166,S7_F7_m7f7_P7_Y0_UO1835,FXX,0,78.4244973980172,0,0,0.0,0,0,0,0.0,0.25,1,P6_CV0,3,1,1,1,1
7,2527429.642,708511.8011,Age0_F7_m7f7_P7_Y2_UO680,S7_F7_m7f7_P7_Y0_UO2060,S7_F7_m7f7_P7_Y0_UO1849,FXX,0,78.4244973980172,0,0,0.0,0,0,0,0.0,0.25,1,P6_CV0,3,1,1,1,1
7,2527429.642,708511.8011,Age0_F7_m7f7_P7_Y2_UO681,S7_F7_m7f7_P7_Y0_UO2060,S7_F7_m7f7_P7_Y0_UO1849,FXX,0,78.4244973980172,0,0,0.0,0,0,0,0.0,0.25,1,P6_CV0,3,1,1,2,0
7,2527429.642,708511.8011,Age0_F7_m7f7_P7_Y2_UO682,S7_F7_m7f7_P7_Y0_UO2006,S7_F7_m7f7_P7_Y0_UO2003,FXX,0,78.4244973980172,0,0,0.0,0,0,0,0.0,0.5,1,P6_CV0,3,0,2,2,0
7,2527429.642,708511.8011,Age0_F7_m7f7_P7_Y2_UO683,S7_F7_m7f7_P7_Y0_UO2006,S7_F7_m7f7_P7_Y0_UO2003,FXX,0,78.4244973980172,0,0,0.0,0,0,0,0.0,0.5,1,P6_CV0,3,2,0,2,0
7,2527429.642,708511.8011,Age0_F7_m7f7_P7_Y2_UO684,S7_F7_m7f7_P7_Y0_UO2006,S7_F7_m7f7_P7_Y0_UO2003,FXX,0,78.4244973980172,0,0,0.0,0,0,0,0.0,0.5,1,P6_CV0,3,2,0,2,0
7,2527429.642,708511.8011,Age0_F7_m7f7_P7_Y2_UO685,S7_F7_m7f7_P7_Y0_UO2006,S7_F7_m7f7_P7_Y0_UO2003,FXX,0,78.4244973980172,0,0,0.0,0,0,0,0.0,0.5,1,P6_CV0,3,1,1,2,0
7,2527429.642,708511.8011,Age0_F7_m7f7_P7_Y2_UO686,S7_F7_m7f7_P7_Y0_UO2006,S7_F7_m7f7_P7_Y0_UO2003,FXX,0,78.4244973980172,0,0,0.0,0,0,0,0.0,0.5,1,P6_CV0,3,1,1,2,0
7,2527429.642,708511.8011,Age0_F7_m7f7_P7_Y2_UO687,S7_F7_m7f7_P7_Y0_UO2006,S7_F7_m7f7_P7_Y0_UO2003,MXY,0,78.4244973980172,0,0,0.0,0,0,0,0.0,0.5,1,P6_CV0,3,0,2,2,0
7,2527429.642,708511.8011,Age0_F7_m7f7_P7_Y2_UO688,S7_F7_m7f7_P7_Y0_UO2006,S7_F7_m7f7_P7_Y0_UO2003,MXY,0,78.4244973980172,0,0,0.0,0,0,0,0.0,0.5,1,P6_CV0,3,2,0,2,0
7,2527429.642,708511.8011,Age0_F7_m7f7_P7_Y2_UO689,S7_F7_m7f7_P7_Y0_UO2006,S7_F7_m7f7_P7_Y0_UO2003,FXX,0,78.4244973980172,0,0,0.0,0,0,0,0.0,0.5,1,P6_CV0,3,2,0,2,0
7,2527429.642,708511.8011,Age0_F7_m7f7_P7_Y2_UO690,S7_F7_m7f7_P7_Y0_UO2006,S7_F7_m7f7_P7_Y0_UO2003,FXX,0,78.4244973980172,0,0,0.0,0,0,0,0.0,0.5,1,P6_CV0,3,0,2,2,0
7,2527429.642,708511.8011,Age0_F7_m7f7_P7_Y2_UO691,S7_F7_m7f7_P7_Y0_UO2006,S7_F7_m7f7_P7_Y0_UO2003,MXY,0,78.4244973980172,0,0,0.0,0,0,0,0.0,0.5,1,P6_CV0,3,0,2,2,0
7,2527429.642,708511.8011,Age0_F7_m7f7_P7_Y2_UO692,S7_F7_m-1f-1_P7_Y-1_U130,S7_F7_m7f7_P7_Y0_UO2050,MXY,0,78.4244973980172,0,0,0.0,0,0,0,0.0,0.375,1,P6_CV0,3,1,1,1,1
7,2527429.642,708511.8011,Age0_F7_m7f7_P7_Y2_UO693,S7_F7_m-1f-1_P7_Y-1_U130,S7_F7_m7f7_P7_Y0_UO2050,FXX,0,78.4244973980172,0,0,0.0,0,0,0,0.0,0.375,1,P6_CV0,3,1,1,1,1
7,2527429.642,708511.8011,Age0_F7_m7f7_P7_Y2_UO694,S7_F7_m-1f-1_P7_Y-1_U130,S7_F7_m7f7_P7_Y0_UO2050,MXY,0,78.4244973980172,0,0,0.0,0,0,0,0.0,0.375,1,P6_CV0,3,2,0,1,1
7,2527429.642,708511.8011,Age0_F7_m7f7_P7_Y2_UO695,S7_F7_m-1f-1_P7_Y-1_U130,S7_F7_m7f7_P7_Y0_UO2050,FXX,0,78.4244973980172,0,0,0.0,0,0,0,0.0,0.375,1,P6_CV0,3,1,1,0,2
7,2527429.642,708511.8011,Age0_F7_m7f7_P7_Y2_UO696,S7_F7_m-1f-1_P7_Y-1_U130,S7_F7_m7f7_P7_Y0_UO2050,FXX,0,78.4244973980172,0,0,0.0,0,0,0,0.0,0.375,1,P6_CV0,3,1,1,1,1
7,2527429.642,708511.8011,Age0_F7_m7f7_P7_Y2_UO697,S7_F7_m-1f-1_P7_Y-1_U130,S7_F7_m7f7_P7_Y0_UO2050,MXY,0,78.4244973980172,0,0,0.0,0,0,0,0.0,0.375,1,P6_CV0,3,1,1,1,1
7,2527429.642,708511.8011,Age0_F7_m7f7_P7_Y2_UO698,S7_F7_m-1f-1_P7_Y-1_U130,S7_F7_m7f7_P7_Y0_UO2050,MXY,0,78.4244973980172,0,0,0.0,0,0,0,0.0,0.375,1,P6_CV0,3,2,0,0,2
7,2527429.642,708511.8011,Age0_F7_m7f7_P7_Y2_UO699,S7_F7_m-1f-1_P7_Y-1_U130,S7_F7_m7f7_P7_Y0_UO2050,FXX,0,78.4244973980172,0,0,0.0,0,0,0,0.0,0.375,1,P6_CV0,3,2,0,1,1
7,2527429.642,708511.8011,Age0_F7_m7f7_P7_Y2_UO700,S7_F7_m-1f-1_P7_Y-1_U130,S7_F7_m7f7_P7_Y0_UO2050,FXX,0,78.4244973980172,0,0,0.0,0,0,0,0.0,0.375,1,P6_CV0,3,1,1,0,2
7,2527429.642,708511.8011,Age0_F7_m7f7_P7_Y2_UO701,S7_F7_m-1f-1_P7_Y-1_U120,S7_F7_m7f7_P7_Y0_UO1881,MXY,0,78.4244973980172,0,0,0.0,0,0,0,0.0,0.75,1,P6_CV0,3,2,0,2,0
7,2527429.642,708511.8011,Age0_F7_m7f7_P7_Y2_UO702,S7_F7_m-1f-1_P7_Y-1_U120,S7_F7_m7f7_P7_Y0_UO1881,MXY,0,78.4244973980172,0,0,0.0,0,0,0,0.0,0.75,1,P6_CV0,3,1,1,2,0
7,2527429.642,708511.8011,Age0_F7_m7f7_P7_Y2_UO703,S7_F7_m-1f-1_P7_Y-1_U120,S7_F7_m7f7_P7_Y0_UO1881,FXX,0,78.4244973980172,0,0,0.0,0,0,0,0.0,0.75,1,P6_CV0,3,2,0,1,1
7,2527429.642,708511.8011,Age0_F7_m7f7_P7_Y2_UO704,S7_F7_m-1f-1_P7_Y-1_U120,S7_F7_m7f7_P7_Y0_UO1881,MXY,0,78.4244973980172,0,0,0.0,0,0,0,0.0,0.75,1,P6_CV0,3,1,1,1,1
7,2527429.642,708511.8011,Age0_F7_m7f7_P7_Y2_UO705,S7_F7_m-1f-1_P7_Y-1_U120,S7_F7_m7f7_P7_Y0_UO1881,MXY,0,78.4244973980172,0,0,0.0,0,0,0,0.0,0.75,1,P6_CV0,3,1,1,2,0
7,2527429.642,708511.8011,Age0_F7_m7f7_P7_Y2_UO706,S7_F7_m-1f-1_P7_Y-1_U120,S7_F7_m7f7_P7_Y0_UO1881,MXY,0,78.4244973980172,0,0,0.0,0,0,0,0.0,0.75,1,P6_CV0,3,2,0,1,1
7,2527429.642,708511.8011,Age0_F7_m7f7_P7_Y2_UO707,S7_F7_m-1f-1_P7_Y-1_U120,S7_F7_m7f7_P7_Y0_UO1881,MXY,0,78.4244973980172,0,0,0.0,0,0,0,0.0,0.75,1,P6_CV0,3,2,0,1,1
7,2527429.642,708511.8011,Age0_F7_m7f7_P7_Y2_UO708,S7_F7_m-1f-1_P7_Y-1_U120,S7_F7_m7f7_P7_Y0_UO1881,FXX,0,78.4244973980172,0,0,0.0,0,0,0,0.0,0.75,1,P6_CV0,3,2,0,1,1
7,2527429.642,708511.8011,Age0_F7_m7f7_P7_Y2_UO709,S7_F7_m-1f-1_P7_Y-1_U120,S7_F7_m7f7_P7_Y0_UO1881,FXX,0,78.4244973980172,0,0,0.0,0,0,0,0.0,0.75,1,P6_CV0,3,1,1,2,0
7,2527429.642,708511.8011,Age0_F7_m7f7_P7_Y2_UO710,S7_F7_m-1f-1_P7_Y-1_U120,S7_F7_m7f7_P7_Y0_UO1881,MXY,0,78.4244973980172,0,0,0.0,0,0,0,0.0,0.75,1,P6_CV0,3,2,0,1,1
7,2527429.642,708511.8011,Age0_F7_m7f7_P7_Y2_UO711,S7_F7_m-1f-1_P7_Y-1_U120,S7_F7_m7f7_P7_Y0_UO1881,FXX,0,78.4244973980172,0,0,0.0,0,0,0,0.0,0.75,1,P6_CV0,3,2,0,2,0
7,2527429.642,708511.8011,Age0_F7_m7f7_P7_Y2_UO712,S7_F7_m-1f-1_P7_Y-1_U120,S7_F7_m7f7_P7_Y0_UO1881,FXX,0,78.4244973980172,0,0,0.0,0,0,0,0.0,0.75,1,P6_CV0,3,2,0,1,1
